ProblemType:	Cm-CTP-R
Name:	W100-200-6
NumberDemandNodes (|W|):	100
MaximumWalkingDistance (gamma):	200
NumberOfTours (m):	6
VehicleCapacity (Q):	6
NumberCandidateLocations (|Vsto|):	474
TotalWaste (dtot):	653
WasteDepot (sigma):	898
Nodes (V)
Index	IsCandidateLocation	XSwissCoordinate	YSwissCoordinate
START
0	false	2601622	1213253
1	false	2601578	1213264
2	true	2602464	1212970
3	false	2601563	1213193
4	false	2601653	1213234
5	true	2603016	1212568
6	true	2602976	1212523
7	true	2603064	1212612
8	true	2603156	1212435
9	true	2602948	1212625
10	true	2603248	1212846
11	false	2603242	1212806
12	true	2603193	1212889
13	true	2603270	1212882
14	true	2603292	1212910
15	true	2603314	1212943
16	true	2603279	1212887
17	true	2603263	1212942
18	true	2603423	1213070
19	true	2603261	1213000
20	true	2602695	1212906
21	true	2602547	1212940
22	true	2603002	1212678
23	false	2602932	1212631
24	false	2602689	1211558
25	true	2603167	1212418
26	false	2603159	1212424
27	true	2603173	1212302
28	true	2603456	1212261
29	false	2604408	1211773
30	false	2604387	1211784
31	false	2604398	1211766
32	true	2603987	1211930
33	false	2604047	1211938
34	true	2602703	1212463
35	true	2602721	1212453
36	true	2602646	1212635
37	true	2602704	1212441
38	true	2602559	1212802
39	true	2602539	1212934
40	true	2602414	1212733
41	true	2602806	1212491
42	true	2602847	1212415
43	true	2602876	1212514
44	true	2602818	1212567
45	true	2602912	1212479
46	true	2602886	1212515
47	true	2602945	1212505
48	true	2603412	1212140
49	true	2603537	1212373
50	true	2603097	1212352
51	true	2602704	1212162
52	true	2602700	1211941
53	true	2603019	1212359
54	false	2601481	1213332
55	true	2602067	1212733
56	true	2602529	1212944
57	false	2602793	1212594
58	true	2602883	1212549
59	true	2602802	1212003
60	true	2603325	1212690
61	true	2603254	1212625
62	false	2603312	1212126
63	true	2603227	1212592
64	true	2603118	1212654
65	true	2603315	1212641
66	false	2603241	1212970
67	true	2603216	1212912
68	true	2603250	1212909
69	true	2602218	1212612
70	true	2603315	1212842
71	true	2602937	1212593
72	true	2602539	1212953
73	false	2601601	1213263
74	false	2601600	1213257
75	false	2601655	1213277
76	false	2601657	1213283
77	false	2601689	1213305
78	false	2601691	1213311
79	false	2601700	1213313
80	false	2601702	1213318
81	false	2601712	1213318
82	false	2601714	1213323
83	false	2601755	1213323
84	false	2601756	1213328
85	false	2601797	1213327
86	false	2601799	1213333
87	false	2601840	1213331
88	false	2601842	1213337
89	false	2601883	1213335
90	false	2601885	1213341
91	false	2601913	1213320
92	false	2601914	1213326
93	false	2601942	1213306
94	false	2601944	1213311
95	false	2601984	1213287
96	false	2601986	1213293
97	false	2602026	1213269
98	false	2602028	1213274
99	false	2602068	1213250
100	false	2602069	1213256
101	false	2602109	1213232
102	false	2602111	1213238
103	false	2602151	1213213
104	false	2602153	1213219
105	false	2602164	1213208
106	false	2602165	1213214
107	false	2602201	1213191
108	false	2602203	1213197
109	false	2602239	1213174
110	false	2602241	1213180
111	false	2602276	1213157
112	false	2602278	1213163
113	false	2602304	1213138
114	false	2602305	1213143
115	true	2602331	1213118
116	true	2602333	1213123
117	true	2602358	1213098
118	true	2602360	1213104
119	true	2602376	1213080
120	true	2602378	1213086
121	true	2602394	1213062
122	true	2602396	1213068
123	true	2602415	1213019
124	true	2602416	1213025
125	true	2602442	1212988
126	true	2602444	1212994
127	false	2601593	1213235
128	false	2601597	1213231
129	false	2601571	1213209
130	false	2601575	1213205
131	false	2601627	1213244
132	false	2601630	1213249
133	false	2601642	1213238
134	false	2601645	1213243
135	false	2601648	1213234
136	false	2601651	1213240
137	false	2601566	1213232
138	false	2601571	1213230
139	false	2601500	1213331
140	false	2601496	1213326
141	true	2602425	1212959
142	true	2602428	1212954
143	true	2602394	1212940
144	true	2602397	1212935
145	true	2602364	1212921
146	true	2602367	1212916
147	true	2602334	1212903
148	true	2602337	1212898
149	true	2602301	1212868
150	true	2602304	1212863
151	true	2602261	1212850
152	true	2602264	1212845
153	true	2602215	1212830
154	true	2602218	1212825
155	true	2602193	1212814
156	true	2602196	1212809
157	true	2602170	1212798
158	true	2602173	1212793
159	true	2602135	1212778
160	true	2602138	1212773
161	true	2602099	1212758
162	true	2602102	1212753
163	false	2602483	1212957
164	false	2602485	1212962
165	true	2602504	1212947
166	true	2602506	1212953
167	false	2602522	1212942
168	false	2602524	1212947
169	true	2603007	1212564
170	true	2603011	1212560
171	true	2602989	1212546
172	true	2602993	1212541
173	false	2603023	1212569
174	false	2603018	1212574
175	false	2603026	1212572
176	false	2603022	1212577
177	true	2603040	1212585
178	true	2603036	1212590
179	true	2603036	1212547
180	true	2603040	1212552
181	true	2603049	1212538
182	true	2603053	1212542
183	false	2603056	1212534
184	false	2603060	1212538
185	true	2603086	1212520
186	true	2603091	1212525
187	true	2603095	1212516
188	false	2603099	1212521
189	false	2603101	1212512
190	false	2603105	1212517
191	false	2603107	1212508
192	false	2603111	1212513
193	false	2603111	1212504
194	false	2603115	1212509
195	false	2603114	1212501
196	false	2603118	1212505
197	true	2603121	1212492
198	true	2603125	1212496
199	true	2603125	1212484
200	false	2603129	1212488
201	true	2603141	1212457
202	true	2603145	1212462
203	true	2603011	1212577
204	true	2603007	1212572
205	true	2602976	1212606
206	true	2602972	1212601
207	false	2602964	1212616
208	false	2602960	1212612
209	false	2602966	1212522
210	false	2602969	1212516
211	true	2602961	1212517
212	false	2602964	1212511
213	false	2602956	1212513
214	false	2602959	1212508
215	false	2602951	1212510
216	false	2602954	1212505
217	false	2602947	1212509
218	false	2602950	1212504
219	false	2602969	1212534
220	false	2602970	1212528
221	false	2602966	1212538
222	false	2602966	1212532
223	false	2602943	1212559
224	false	2602943	1212553
225	false	2602941	1212560
226	false	2602941	1212554
227	false	2602939	1212561
228	false	2602940	1212555
229	true	2602937	1212560
230	true	2602937	1212554
231	true	2602906	1212541
232	false	2602907	1212535
233	true	2602897	1212535
234	true	2602897	1212529
235	false	2602893	1212532
236	false	2602893	1212526
237	false	2602890	1212529
238	false	2602890	1212523
239	false	2602888	1212526
240	false	2602889	1212520
241	false	2602887	1212523
242	false	2602888	1212517
243	true	2603093	1212632
244	true	2603090	1212636
245	true	2603043	1212654
246	true	2603038	1212650
247	false	2603038	1212660
248	false	2603034	1212656
249	false	2603033	1212667
250	false	2603028	1212663
251	true	2603019	1212680
252	false	2603015	1212676
253	false	2603016	1212682
254	false	2603012	1212678
255	false	2603014	1212684
256	false	2603009	1212680
257	false	2603011	1212684
258	false	2603007	1212680
259	false	2603009	1212684
260	false	2603005	1212680
261	true	2603007	1212683
262	true	2603003	1212679
263	false	2603156	1212428
264	false	2603162	1212431
265	true	2603194	1212464
266	true	2603189	1212466
267	false	2603211	1212488
268	true	2603206	1212491
269	true	2603220	1212506
270	true	2603214	1212509
271	true	2603231	1212530
272	true	2603226	1212532
273	true	2603243	1212553
274	true	2603237	1212556
275	false	2602943	1212631
276	false	2602939	1212626
277	false	2602962	1212633
278	false	2602958	1212637
279	true	2602966	1212636
280	true	2602962	1212641
281	true	2602998	1212670
282	true	2602994	1212674
283	false	2603241	1212827
284	false	2603247	1212826
285	true	2603239	1212855
286	true	2603236	1212850
287	true	2603218	1212874
288	true	2603214	1212870
289	false	2603255	1212855
290	false	2603250	1212859
291	false	2603259	1212864
292	false	2603254	1212867
293	false	2603236	1212801
294	false	2603240	1212797
295	false	2603230	1212778
296	false	2603235	1212774
297	true	2603225	1212768
298	true	2603229	1212764
299	true	2603201	1212744
300	true	2603206	1212740
301	true	2603178	1212719
302	true	2603183	1212715
303	true	2603154	1212694
304	true	2603159	1212691
305	true	2603136	1212676
306	true	2603140	1212672
307	true	2603213	1212834
308	true	2603207	1212834
309	true	2603187	1212857
310	true	2603181	1212856
311	true	2603161	1212879
312	true	2603155	1212879
313	true	2603178	1212898
314	true	2603172	1212897
315	true	2603196	1212916
316	true	2603190	1212915
317	true	2603219	1212944
318	true	2603213	1212944
319	false	2603276	1212883
320	false	2603271	1212887
321	true	2603290	1212859
322	true	2603294	1212863
323	false	2603307	1212924
324	false	2603302	1212927
325	false	2603282	1212901
326	true	2603287	1212897
327	true	2603285	1212920
328	false	2603280	1212916
329	true	2603293	1212971
330	true	2603289	1212967
331	true	2603336	1212959
332	true	2603331	1212963
333	true	2603352	1212979
334	true	2603348	1212983
335	true	2603369	1213000
336	true	2603365	1213004
337	true	2603398	1213033
338	true	2603394	1213037
339	false	2603266	1212902
340	true	2603262	1212898
341	false	2603253	1212959
342	true	2603249	1212955
343	true	2603247	1212934
344	true	2603250	1212929
345	false	2603415	1213076
346	false	2603418	1213070
347	true	2603393	1213082
348	true	2603395	1213076
349	false	2603375	1213084
350	false	2603378	1213079
351	true	2603351	1213084
352	true	2603353	1213078
353	false	2603335	1213081
354	false	2603337	1213076
355	true	2603326	1213084
356	true	2603329	1213078
357	true	2603305	1213057
358	true	2603308	1213052
359	true	2603287	1213034
360	true	2603290	1213028
361	false	2603248	1212988
362	true	2603252	1212985
363	true	2602678	1212914
364	true	2602677	1212908
365	true	2602631	1212927
366	true	2602629	1212921
367	true	2602598	1212934
368	true	2602596	1212928
369	false	2602577	1212936
370	false	2602575	1212930
371	false	2602563	1212939
372	true	2602562	1212933
373	true	2602556	1212941
374	true	2602554	1212935
375	false	2602698	1212912
376	false	2602702	1212917
377	false	2602702	1212917
378	false	2602705	1212922
379	false	2602705	1212919
380	false	2602709	1212924
381	false	2602708	1212921
382	false	2602712	1212925
383	false	2602711	1212921
384	false	2602714	1212926
385	true	2602715	1212921
386	true	2602719	1212926
387	true	2602748	1212917
388	true	2602751	1212922
389	true	2602780	1212913
390	true	2602784	1212918
391	true	2602798	1212889
392	true	2602801	1212894
393	true	2602815	1212865
394	true	2602819	1212870
395	true	2602838	1212837
396	true	2602841	1212842
397	true	2602860	1212810
398	true	2602864	1212814
399	true	2602879	1212789
400	true	2602883	1212794
401	true	2602908	1212763
402	true	2602912	1212768
403	true	2602934	1212738
404	true	2602938	1212742
405	true	2602965	1212709
406	true	2602969	1212714
407	true	2602976	1212699
408	false	2602980	1212704
409	false	2602710	1212898
410	false	2602714	1212902
411	false	2602722	1212892
412	true	2602726	1212896
413	true	2602731	1212887
414	true	2602736	1212891
415	false	2602741	1212881
416	false	2602746	1212885
417	false	2602752	1212874
418	false	2602757	1212877
419	true	2602761	1212866
420	true	2602766	1212870
421	true	2602776	1212853
422	true	2602780	1212857
423	true	2602807	1212819
424	true	2602811	1212823
425	false	2602818	1212806
426	false	2602823	1212810
427	false	2602828	1212794
428	false	2602832	1212798
429	true	2602835	1212783
430	true	2602840	1212787
431	true	2602843	1212770
432	true	2602848	1212774
433	true	2602861	1212738
434	true	2602866	1212742
435	true	2602880	1212706
436	true	2602884	1212710
437	true	2602898	1212674
438	true	2602902	1212678
439	false	2602907	1212658
440	true	2602911	1212662
441	false	2602913	1212648
442	false	2602918	1212652
443	true	2602918	1212642
444	false	2602923	1212646
445	false	2602922	1212638
446	false	2602927	1212642
447	true	2602926	1212636
448	true	2602930	1212640
449	false	2602550	1212944
450	false	2602550	1212947
451	false	2602548	1212950
452	false	2602547	1212952
453	false	2602544	1212954
454	false	2602922	1212622
455	false	2602928	1212623
456	false	2602919	1212614
457	false	2602925	1212615
458	true	2602920	1212606
459	false	2602926	1212606
460	true	2602924	1212597
461	true	2602930	1212598
462	false	2602693	1211591
463	false	2602687	1211591
464	false	2602694	1211625
465	false	2602688	1211625
466	false	2602694	1211661
467	false	2602688	1211661
468	false	2602695	1211697
469	false	2602689	1211697
470	false	2602695	1211734
471	false	2602689	1211734
472	false	2602696	1211783
473	false	2602690	1211783
474	false	2602697	1211833
475	false	2602691	1211833
476	true	2602698	1211869
477	true	2602692	1211869
478	true	2602699	1211905
479	true	2602693	1211905
480	false	2603167	1212422
481	false	2603162	1212421
482	true	2603160	1212402
483	false	2603166	1212403
484	true	2603164	1212378
485	true	2603170	1212378
486	true	2603170	1212345
487	true	2603176	1212346
488	false	2603170	1212320
489	false	2603176	1212321
490	true	2603177	1212407
491	true	2603180	1212412
492	true	2603200	1212394
493	true	2603203	1212399
494	true	2603222	1212381
495	true	2603225	1212386
496	true	2603250	1212363
497	true	2603253	1212369
498	true	2603285	1212345
499	true	2603288	1212351
500	true	2603319	1212328
501	true	2603322	1212333
502	true	2603356	1212310
503	true	2603359	1212315
504	true	2603394	1212292
505	true	2603397	1212297
506	true	2603423	1212274
507	true	2603426	1212279
508	true	2603145	1212413
509	true	2603150	1212409
510	true	2603123	1212386
511	true	2603127	1212382
512	true	2603100	1212359
513	true	2603104	1212356
514	true	2603170	1212261
515	true	2603175	1212265
516	true	2603169	1212222
517	true	2603174	1212226
518	false	2603175	1212211
519	false	2603180	1212215
520	true	2603203	1212193
521	true	2603207	1212197
522	false	2603236	1212172
523	false	2603240	1212176
524	false	2603269	1212152
525	false	2603273	1212156
526	false	2603302	1212131
527	false	2603306	1212135
528	false	2603167	1212304
529	false	2603164	1212299
530	false	2603154	1212303
531	false	2603151	1212298
532	false	2603148	1212304
533	false	2603145	1212299
534	true	2603145	1212308
535	true	2603142	1212303
536	true	2603137	1212324
537	true	2603134	1212319
538	true	2603437	1212221
539	true	2603442	1212218
540	true	2603422	1212181
541	true	2603427	1212179
542	true	2603469	1212281
543	true	2603464	1212284
544	true	2603485	1212322
545	true	2603480	1212326
546	true	2603507	1212353
547	true	2603502	1212356
548	true	2603484	1212232
549	true	2603487	1212237
550	true	2603515	1212208
551	true	2603518	1212213
552	true	2603544	1212186
553	true	2603547	1212191
554	true	2603573	1212165
555	true	2603576	1212170
556	false	2603601	1212143
557	false	2603604	1212148
558	false	2603622	1212127
559	false	2603625	1212132
560	false	2603643	1212111
561	false	2603646	1212116
562	false	2603671	1212092
563	false	2603674	1212097
564	false	2603699	1212072
565	false	2603703	1212077
566	false	2603730	1212053
567	false	2603733	1212058
568	true	2603761	1212034
569	true	2603764	1212040
570	true	2603802	1212014
571	true	2603806	1212019
572	true	2603844	1211994
573	true	2603847	1211999
574	true	2603882	1211974
575	true	2603885	1211979
576	true	2603919	1211955
577	true	2603923	1211960
578	false	2603931	1211949
579	true	2603934	1211954
580	true	2603960	1211937
581	true	2603964	1211942
582	false	2604400	1211782
583	false	2604397	1211777
584	false	2604400	1211772
585	false	2604403	1211767
586	false	2604389	1211775
587	false	2604395	1211777
588	false	2604357	1211813
589	false	2604355	1211807
590	false	2604329	1211827
591	false	2604327	1211821
592	false	2604302	1211841
593	false	2604300	1211836
594	false	2604272	1211854
595	false	2604270	1211849
596	false	2604243	1211868
597	false	2604241	1211862
598	false	2604211	1211881
599	false	2604209	1211875
600	false	2604179	1211894
601	false	2604177	1211888
602	false	2604149	1211903
603	false	2604147	1211897
604	false	2604119	1211912
605	false	2604117	1211906
606	false	2604083	1211919
607	false	2604081	1211914
608	true	2604048	1211927
609	false	2604046	1211921
610	true	2604019	1211931
611	true	2604016	1211926
612	false	2603990	1211937
613	false	2603989	1211943
614	false	2603994	1211948
615	false	2603993	1211954
616	true	2604005	1211944
617	true	2604004	1211950
618	false	2604039	1211936
619	false	2604038	1211942
620	false	2602708	1212455
621	false	2602711	1212460
622	false	2602711	1212453
623	false	2602713	1212459
624	false	2602714	1212452
625	false	2602717	1212457
626	false	2602717	1212451
627	false	2602719	1212457
628	false	2602703	1212483
629	false	2602697	1212481
630	true	2602701	1212500
631	true	2602695	1212498
632	true	2602698	1212516
633	false	2602692	1212514
634	false	2602695	1212527
635	false	2602690	1212526
636	true	2602691	1212544
637	true	2602685	1212542
638	true	2602686	1212559
639	false	2602680	1212557
640	true	2602680	1212575
641	true	2602674	1212573
642	true	2602670	1212596
643	true	2602665	1212594
644	false	2602657	1212621
645	false	2602651	1212619
646	false	2602701	1212451
647	false	2602707	1212452
648	true	2602765	1212468
649	true	2602763	1212474
650	false	2602716	1212455
651	false	2602720	1212450
652	false	2602714	1212453
653	false	2602717	1212449
654	false	2602711	1212452
655	false	2602715	1212447
656	false	2602708	1212449
657	false	2602712	1212444
658	true	2602631	1212670
659	true	2602626	1212667
660	true	2602614	1212704
661	true	2602608	1212701
662	true	2602596	1212737
663	true	2602591	1212735
664	true	2602579	1212771
665	true	2602573	1212768
666	false	2602644	1212638
667	false	2602642	1212633
668	false	2602641	1212640
669	false	2602639	1212634
670	false	2602629	1212653
671	false	2602627	1212647
672	false	2602626	1212654
673	false	2602624	1212649
674	false	2602623	1212656
675	false	2602621	1212650
676	false	2602619	1212656
677	false	2602617	1212651
678	true	2602615	1212656
679	true	2602613	1212651
680	true	2602579	1212648
681	true	2602577	1212643
682	true	2602543	1212641
683	true	2602541	1212635
684	true	2602512	1212633
685	true	2602509	1212628
686	true	2602491	1212625
687	true	2602488	1212620
688	true	2602471	1212654
689	true	2602469	1212648
690	true	2602452	1212683
691	true	2602450	1212677
692	false	2602441	1212690
693	false	2602438	1212684
694	true	2602431	1212699
695	true	2602429	1212694
696	false	2602418	1212724
697	false	2602416	1212719
698	false	2602702	1212421
699	false	2602708	1212421
700	true	2602701	1212401
701	true	2602707	1212401
702	true	2602701	1212353
703	true	2602707	1212353
704	false	2602700	1212305
705	false	2602706	1212305
706	false	2602699	1212258
707	false	2602705	1212258
708	false	2602698	1212210
709	false	2602704	1212210
710	true	2602550	1212834
711	true	2602544	1212833
712	false	2602545	1212854
713	false	2602539	1212853
714	true	2602542	1212872
715	true	2602536	1212871
716	true	2602541	1212899
717	true	2602536	1212898
718	true	2602548	1212799
719	true	2602551	1212793
720	true	2602514	1212773
721	true	2602516	1212768
722	true	2602480	1212748
723	true	2602482	1212743
724	false	2602466	1212743
725	false	2602469	1212738
726	true	2602449	1212744
727	true	2602452	1212739
728	false	2602428	1212742
729	false	2602430	1212737
730	false	2602543	1212933
731	false	2602545	1212934
732	false	2602547	1212936
733	true	2602371	1212716
734	true	2602374	1212711
735	true	2602346	1212698
736	true	2602349	1212693
737	true	2602321	1212680
738	true	2602324	1212675
739	true	2602286	1212659
740	true	2602289	1212654
741	true	2602250	1212638
742	true	2602253	1212633
743	true	2602816	1212462
744	true	2602821	1212465
745	true	2602827	1212437
746	true	2602833	1212440
747	true	2602850	1212502
748	true	2602848	1212508
749	false	2602867	1212508
750	false	2602865	1212514
751	true	2602850	1212544
752	true	2602846	1212540
753	true	2602890	1212493
754	true	2602895	1212497
755	false	2602881	1212512
756	false	2602881	1212518
757	true	2602810	1212584
758	false	2602806	1212581
759	false	2602831	1212576
760	true	2602832	1212582
761	false	2602845	1212586
762	false	2602846	1212592
763	false	2602847	1212587
764	false	2602848	1212592
765	false	2602850	1212586
766	true	2602851	1212592
767	false	2602851	1212585
768	false	2602853	1212591
769	true	2602858	1212577
770	true	2602860	1212583
771	true	2602871	1212564
772	false	2602872	1212570
773	true	2602927	1212451
774	true	2602931	1212455
775	true	2602946	1212428
776	true	2602950	1212432
777	true	2602968	1212405
778	true	2602973	1212409
779	true	2602991	1212384
780	true	2602995	1212388
781	true	2603013	1212362
782	true	2603018	1212366
783	false	2603015	1212360
784	false	2603020	1212364
785	false	2602944	1212497
786	false	2602941	1212502
787	false	2602945	1212499
788	false	2602942	1212503
789	false	2602946	1212500
790	false	2602942	1212504
791	false	2602892	1212511
792	false	2602893	1212517
793	false	2602899	1212510
794	false	2602900	1212516
795	false	2602912	1212508
796	false	2602913	1212514
797	false	2602927	1212504
798	false	2602928	1212510
799	true	2602933	1212503
800	true	2602934	1212508
801	false	2602938	1212502
802	false	2602939	1212508
803	false	2602941	1212502
804	false	2602942	1212508
805	true	2603397	1212115
806	true	2603398	1212109
807	false	2603385	1212087
808	false	2603385	1212081
809	false	2603348	1212109
810	false	2603349	1212103
811	true	2603382	1212156
812	true	2603383	1212150
813	false	2603355	1212168
814	false	2603355	1212162
815	false	2603339	1212173
816	false	2603340	1212167
817	false	2603329	1212167
818	false	2603330	1212161
819	true	2603083	1212341
820	false	2603083	1212335
821	false	2603078	1212336
822	false	2603078	1212330
823	false	2603076	1212335
824	false	2603076	1212329
825	false	2603074	1212335
826	false	2603074	1212329
827	false	2603070	1212335
828	false	2603070	1212329
829	true	2603058	1212341
830	true	2603058	1212335
831	true	2603039	1212350
832	false	2603039	1212344
833	false	2603023	1212359
834	false	2603022	1212353
835	false	2602697	1212118
836	false	2602703	1212118
837	false	2602696	1212074
838	false	2602702	1212074
839	false	2602695	1212030
840	false	2602701	1212029
841	true	2602695	1211985
842	true	2602701	1211985
843	true	2602709	1212164
844	true	2602706	1212169
845	true	2602741	1212186
846	true	2602738	1212191
847	true	2602773	1212208
848	true	2602770	1212213
849	true	2602805	1212230
850	true	2602802	1212235
851	true	2602837	1212251
852	true	2602834	1212257
853	true	2602862	1212275
854	true	2602859	1212280
855	true	2602888	1212299
856	true	2602885	1212304
857	false	2602906	1212314
858	true	2602903	1212319
859	true	2602919	1212319
860	true	2602916	1212324
861	true	2602961	1212331
862	false	2602958	1212336
863	true	2602966	1212332
864	true	2602963	1212337
865	true	2602994	1212343
866	true	2602991	1212348
867	true	2602703	1211938
868	true	2602700	1211943
869	true	2602737	1211958
870	true	2602734	1211963
871	true	2602771	1211978
872	true	2602768	1211983
873	false	2602527	1212939
874	false	2602528	1212936
875	false	2602530	1212934
876	false	2602533	1212933
877	false	2602535	1212932
878	true	2603286	1212661
879	true	2603290	1212657
880	false	2603237	1212616
881	false	2603241	1212612
882	true	2603270	1212618
883	false	2603268	1212624
884	true	2603287	1212621
885	true	2603285	1212627
886	true	2603221	1212599
887	true	2603218	1212594
888	true	2603188	1212619
889	true	2603185	1212614
890	true	2603154	1212639
891	true	2603151	1212634
892	false	2602534	1212955
893	false	2602532	1212954
894	false	2602530	1212953
895	false	2602528	1212951
896	false	2602527	1212948
897	false	2601470	1207594
898	false	2610971	1214274
END
Arcs (A)
Source	Destination	Length
START
0	73	22
0	75	44
0	127	33
0	131	10
1	74	22
1	137	38
1	139	102
2	126	30
2	141	40
2	163	23
3	130	17
3	138	39
4	136	4
5	169	10
5	173	5
5	179	29
5	203	10
6	172	25
6	209	9
6	219	7
7	178	35
7	243	36
7	245	47
8	202	27
8	263	6
8	265	47
9	208	18
9	275	8
9	277	16
10	283	20
10	285	12
10	289	12
11	284	20
11	293	8
11	307	40
12	288	29
13	292	21
13	319	5
13	321	30
14	323	20
14	325	13
14	327	13
15	324	20
15	329	38
15	331	26
16	320	5
16	326	13
16	339	17
17	328	31
17	341	20
17	343	18
18	338	44
18	345	10
19	330	43
19	360	41
19	361	18
20	363	18
20	375	10
20	409	18
21	374	9
21	449	3
22	262	4
22	282	9
22	408	33
23	276	8
23	448	8
23	454	14
24	462	34
24	897	4147
25	480	4
25	482	16
25	490	14
26	264	6
26	481	4
26	508	20
27	489	18
27	514	39
27	528	8
28	507	35
28	538	42
28	542	27
28	548	40
29	582	11
29	584	7
29	898	7024
30	583	11
30	586	11
30	588	41
31	585	7
31	587	11
32	581	27
32	611	30
32	612	7
33	619	9
34	620	8
34	628	20
34	646	11
35	627	3
35	648	46
35	650	3
36	645	17
36	658	38
36	666	3
37	647	11
37	657	9
37	698	20
38	665	37
38	710	34
38	718	11
39	717	36
39	730	3
40	697	12
40	729	17
40	733	46
41	649	46
41	743	28
41	747	46
42	746	28
43	750	10
43	751	39
43	753	25
43	755	5
44	752	39
44	757	18
44	759	15
45	754	25
45	773	30
45	785	40
46	242	6
46	756	6
46	791	6
47	218	4
47	790	3
47	804	4
48	541	42
48	805	31
48	811	30
49	547	38
50	513	7
50	537	48
50	819	20
51	709	48
51	835	44
51	843	8
52	479	36
52	842	44
52	867	5
53	784	6
53	834	2
53	866	30
54	140	17
55	162	41
56	168	5
56	873	3
57	758	18
58	772	21
59	872	39
60	878	48
61	879	48
61	880	19
61	882	18
62	527	9
62	810	43
62	818	39
63	274	40
63	881	24
63	886	9
64	244	36
64	306	26
64	891	39
65	885	33
66	318	37
66	342	20
66	362	18
67	344	37
68	340	17
69	742	41
70	322	30
71	461	10
72	892	3
73	1	22
74	0	22
75	77	44
76	0	44
77	79	13
78	76	44
79	81	13
80	78	13
81	83	43
82	80	13
83	85	43
84	82	43
85	87	43
86	84	43
87	89	43
88	86	43
89	91	33
90	88	43
91	93	33
92	90	33
93	95	46
94	92	33
95	97	46
96	94	46
97	99	46
98	96	46
99	101	46
100	98	46
101	103	46
102	100	46
103	105	13
104	102	46
105	107	41
106	104	13
107	109	41
108	106	41
109	111	41
110	108	41
111	113	34
112	110	41
113	115	34
114	112	34
115	117	34
116	114	34
117	119	25
118	116	34
119	121	25
120	118	25
121	123	48
122	120	25
123	125	41
124	122	48
125	2	30
126	124	41
127	129	34
128	0	33
129	3	17
130	128	34
131	133	15
132	0	10
133	135	8
134	132	15
135	4	4
136	134	8
137	3	39
138	1	38
139	54	17
140	1	102
141	143	36
142	2	40
143	145	36
144	142	36
145	147	36
146	144	36
147	149	48
148	146	36
149	151	44
150	148	48
151	153	50
152	150	44
153	155	28
154	152	50
155	157	28
156	154	28
157	159	41
158	156	28
159	161	41
160	158	41
161	55	41
162	160	41
163	165	23
164	2	23
165	167	19
166	164	23
167	56	5
168	166	19
169	171	25
170	5	10
171	6	25
172	170	25
173	175	5
174	5	5
175	177	19
176	174	5
177	7	35
178	176	19
179	181	17
180	5	29
181	183	8
182	180	17
183	185	33
184	182	8
185	187	9
186	184	33
187	189	8
188	186	9
189	191	7
190	188	8
191	193	6
192	190	7
193	195	5
194	192	6
195	197	11
196	194	5
197	199	9
198	196	11
199	201	31
200	198	9
201	8	27
202	200	31
203	205	45
204	5	10
205	207	16
206	204	45
207	9	18
208	206	16
209	211	7
210	6	9
211	213	5
212	210	7
213	215	6
214	212	5
215	217	4
216	214	6
217	47	4
218	216	4
219	221	5
220	6	7
221	223	31
222	220	5
223	225	3
224	222	31
225	227	2
226	224	3
227	229	2
228	226	2
229	231	36
230	228	2
231	233	11
232	230	36
233	235	5
234	232	11
235	237	4
236	234	5
237	239	3
238	236	4
239	241	3
240	238	3
241	46	6
242	240	3
243	64	36
244	7	36
245	247	7
246	7	47
247	249	9
248	246	7
249	251	19
250	248	9
251	253	4
252	250	19
253	255	3
254	252	4
255	257	2
256	254	3
257	259	2
258	256	2
259	261	2
260	258	2
261	22	4
262	260	2
263	26	6
264	8	6
265	267	30
266	8	47
267	269	20
268	266	30
269	271	26
270	268	20
271	273	26
272	270	26
273	63	40
274	272	26
275	23	8
276	9	8
277	279	5
278	9	16
279	281	46
280	278	5
281	22	9
282	280	46
283	11	20
284	10	20
285	287	29
286	10	12
287	12	29
288	286	29
289	291	10
290	10	12
291	13	21
292	290	10
293	295	23
294	11	8
295	297	11
296	294	23
297	299	34
298	296	11
299	301	34
300	298	34
301	303	34
302	300	34
303	305	26
304	302	34
305	64	26
306	304	26
307	309	35
308	11	40
309	311	35
310	308	35
311	313	25
312	310	35
313	315	25
314	312	25
315	317	37
316	314	25
317	66	37
318	316	37
319	16	5
320	13	5
321	70	30
322	13	30
323	15	20
324	14	20
325	16	13
326	14	13
327	17	31
328	14	13
329	19	43
330	15	38
331	333	26
332	15	26
333	335	26
334	332	26
335	337	44
336	334	26
337	18	44
338	336	44
339	68	17
340	16	17
341	66	20
342	17	20
343	67	37
344	17	18
345	347	23
346	18	10
347	349	18
348	346	23
349	351	24
350	348	18
351	353	16
352	350	24
353	355	9
354	352	16
355	357	34
356	354	9
357	359	30
358	356	34
359	19	41
360	358	30
361	66	18
362	19	18
363	365	49
364	20	18
365	367	34
366	364	49
367	369	21
368	366	34
369	371	14
370	368	21
371	373	8
372	370	14
373	21	9
374	372	8
375	377	6
376	20	10
377	379	4
378	376	6
379	381	3
380	378	4
381	383	3
382	380	3
383	385	5
384	382	3
385	387	33
386	384	5
387	389	33
388	386	33
389	391	30
390	388	33
391	393	30
392	390	30
393	395	36
394	392	30
395	397	36
396	394	36
397	399	28
398	396	36
399	401	39
400	398	28
401	403	36
402	400	39
403	405	43
404	402	36
405	407	15
406	404	43
407	22	33
408	406	15
409	411	13
410	20	18
411	413	11
412	410	13
413	415	12
414	412	11
415	417	13
416	414	12
417	419	12
418	416	13
419	421	20
420	418	12
421	423	46
422	420	20
423	425	17
424	422	46
425	427	15
426	424	17
427	429	13
428	426	15
429	431	16
430	428	13
431	433	37
432	430	16
433	435	37
434	432	37
435	437	37
436	434	37
437	439	18
438	436	37
439	441	12
440	438	18
441	443	8
442	440	12
443	445	5
444	442	8
445	447	4
446	444	5
447	23	8
448	446	4
449	450	3
450	451	3
451	452	3
452	453	3
453	72	3
454	456	9
455	23	14
456	458	8
457	455	9
458	460	9
459	457	8
460	71	10
461	459	9
462	464	34
463	24	34
464	466	36
465	463	34
466	468	36
467	465	36
468	470	36
469	467	36
470	472	50
471	469	36
472	474	50
473	471	50
474	476	36
475	473	50
476	478	36
477	475	36
478	52	36
479	477	36
480	26	4
481	25	4
482	484	25
483	25	16
484	486	33
485	483	25
486	488	25
487	485	33
488	27	18
489	487	25
490	492	26
491	25	14
492	494	26
493	491	26
494	496	33
495	493	26
496	498	39
497	495	33
498	500	39
499	497	39
500	502	41
501	499	39
502	504	41
503	501	41
504	506	35
505	503	41
506	28	35
507	505	35
508	510	35
509	26	20
510	512	35
511	509	35
512	50	7
513	511	35
514	516	39
515	27	39
516	518	13
517	515	39
518	520	33
519	517	13
520	522	39
521	519	33
522	524	39
523	521	39
524	526	39
525	523	39
526	62	9
527	525	39
528	530	13
529	27	8
530	532	6
531	529	13
532	534	6
533	531	6
534	536	18
535	533	6
536	50	48
537	535	18
538	540	42
539	28	42
540	48	42
541	539	42
542	544	45
543	28	27
544	546	37
545	543	45
546	49	38
547	545	37
548	550	40
549	28	40
550	552	36
551	549	40
552	554	36
553	551	36
554	556	36
555	553	36
556	558	26
557	555	36
558	560	26
559	557	26
560	562	34
561	559	26
562	564	34
563	561	34
564	566	36
565	563	34
566	568	36
567	565	36
568	570	46
569	567	36
570	572	46
571	569	46
572	574	42
573	571	46
574	576	42
575	573	42
576	578	13
577	575	42
578	580	32
579	577	13
580	32	27
581	579	32
582	30	11
583	29	11
584	31	7
585	29	7
586	31	11
587	30	11
588	590	31
589	30	41
590	592	31
591	589	31
592	594	32
593	591	31
594	596	32
595	593	32
596	598	34
597	595	32
598	600	34
599	597	34
600	602	31
601	599	34
602	604	31
603	601	31
604	606	36
605	603	31
606	608	36
607	605	36
608	610	30
609	607	36
610	32	30
611	609	30
612	614	12
613	32	7
614	616	12
615	613	12
616	618	35
617	615	12
618	33	9
619	617	35
620	622	3
621	34	8
622	624	4
623	621	3
624	626	3
625	623	4
626	35	3
627	625	3
628	630	16
629	34	20
630	632	16
631	629	16
632	634	12
633	631	16
634	636	17
635	633	12
636	638	16
637	635	17
638	640	17
639	637	16
640	642	22
641	639	17
642	644	29
643	641	22
644	36	17
645	643	29
646	37	11
647	34	11
648	41	46
649	35	46
650	652	3
651	35	3
652	654	3
653	651	3
654	656	4
655	653	3
656	37	9
657	655	4
658	660	38
659	36	38
660	662	38
661	659	38
662	664	38
663	661	38
664	38	37
665	663	38
666	668	3
667	36	3
668	670	17
669	667	3
670	672	3
671	669	17
672	674	4
673	671	3
674	676	4
675	673	4
676	678	4
677	675	4
678	680	37
679	677	4
680	682	37
681	679	37
682	684	33
683	681	37
684	686	23
685	683	33
686	688	35
687	685	23
688	690	35
689	687	35
690	692	13
691	689	35
692	694	13
693	691	13
694	696	28
695	693	13
696	40	12
697	695	28
698	700	20
699	37	20
700	702	48
701	699	20
702	704	48
703	701	48
704	706	48
705	703	48
706	708	48
707	705	48
708	51	48
709	707	48
710	712	21
711	38	34
712	714	18
713	711	21
714	716	27
715	713	18
716	39	36
717	715	27
718	720	43
719	38	11
720	722	43
721	719	43
722	724	14
723	721	43
724	726	17
725	723	14
726	728	22
727	725	17
728	40	17
729	727	22
730	731	3
731	732	3
732	21	3
733	735	31
734	40	46
735	737	31
736	734	31
737	739	41
738	736	31
739	741	41
740	738	41
741	69	41
742	740	41
743	745	28
744	41	28
745	42	28
746	744	28
747	749	18
748	41	46
749	43	10
750	748	18
751	44	39
752	43	39
753	45	25
754	43	25
755	46	6
756	43	5
757	57	18
758	44	18
759	761	17
760	44	15
761	763	2
762	760	17
763	765	3
764	762	2
765	767	2
766	764	3
767	769	10
768	766	2
769	771	18
770	768	10
771	58	21
772	770	18
773	775	30
774	45	30
775	777	32
776	774	30
777	779	31
778	776	32
779	781	31
780	778	31
781	783	3
782	780	31
783	53	6
784	782	3
785	787	2
786	45	40
787	789	1
788	786	2
789	47	3
790	788	1
791	793	7
792	46	6
793	795	13
794	792	7
795	797	16
796	794	13
797	799	6
798	796	16
799	801	5
800	798	6
801	803	3
802	800	5
803	47	4
804	802	3
805	807	31
806	48	31
807	809	43
808	806	31
809	62	43
810	808	43
811	813	30
812	48	30
813	815	16
814	812	30
815	817	11
816	814	16
817	62	39
818	816	11
819	821	7
820	50	20
821	823	2
822	820	7
823	825	2
824	822	2
825	827	4
826	824	2
827	829	13
828	826	4
829	831	21
830	828	13
831	833	19
832	830	21
833	53	2
834	832	19
835	837	44
836	51	44
837	839	44
838	836	44
839	841	44
840	838	44
841	52	44
842	840	44
843	845	39
844	51	8
845	847	39
846	844	39
847	849	39
848	846	39
849	851	39
850	848	39
851	853	35
852	850	39
853	855	35
854	852	35
855	857	24
856	854	35
857	859	13
858	856	24
859	861	44
860	858	13
861	863	5
862	860	44
863	865	30
864	862	5
865	53	30
866	864	30
867	869	39
868	52	5
869	871	39
870	868	39
871	59	39
872	870	39
873	874	3
874	875	3
875	876	3
876	877	2
877	39	2
878	61	48
879	60	48
880	63	24
881	61	19
882	884	17
883	61	18
884	65	33
885	883	17
886	888	39
887	63	9
888	890	39
889	887	39
890	64	39
891	889	39
892	893	3
893	894	3
894	895	3
895	896	3
896	56	3
897	24	4147
898	29	7024
END
DemandNodes (W)
Index	Waste	OrderedAcceptableCandidateLocations
START
7	9	[7, 178, 177, 243, 244, 245, 246, 5, 64, 203, 169, 204, 170, 251, 179, 180, 261, 262, 306, 305, 171, 22, 172, 282, 281, 181, 182, 891, 890, 205, 206, 6, 304, 303, 407, 211, 406, 405, 889, 888, 185, 186, 9, 280, 279, 302, 301, 47, 187, 800, 799, 229, 230, 448, 447, 443, 887, 886, 404, 403, 300, 299, 197, 198, 63, 458]
12	10	[12, 288, 287, 286, 285, 10, 13, 16, 326, 340, 321, 322, 14, 307, 308, 297, 298, 68, 327, 70, 309, 310, 299, 300, 15, 17]
15	4	[15, 331, 332, 329, 330, 14, 333, 334, 327, 326, 16, 13, 335, 336, 19, 340, 17, 362, 68, 343, 344, 342, 321, 322, 10, 360, 337, 359, 338, 285, 286, 70, 67, 358, 357, 318, 317, 287, 288, 18, 356, 355, 12, 316, 315, 307, 347, 308, 348]
16	4	[16, 13, 326, 340, 14, 68, 327, 321, 322, 10, 285, 286, 15, 17, 70, 343, 344, 342, 331, 332, 287, 288, 329, 330, 333, 334, 12, 67, 362, 307, 308, 297, 298, 335, 336, 19, 318, 317, 309, 310, 299, 300, 316, 315, 360, 359, 337, 338]
17	3	[17, 343, 344, 342, 327, 14, 67, 326, 362, 16, 19, 318, 317, 13, 15, 340, 68, 321, 331, 322, 332, 316, 315, 360, 359, 330, 329, 10, 285, 286, 333, 334, 314, 313, 70, 358, 357, 335, 336, 312, 287, 311, 288, 356, 355, 12, 310, 309]
42	16	[42, 746, 745, 744, 743, 41, 649, 747, 648, 748, 43, 46, 35, 753, 754, 234, 233, 751, 34, 752, 37]
58	4	[58, 771, 770, 769, 766, 760, 44, 757, 752, 751, 43, 46, 753, 754, 748, 747, 234, 233]
59	22	[59, 872, 871, 870, 869, 868, 867, 52, 479, 478, 842, 841, 477, 476]
65	4	[65, 885, 884, 882, 61, 63, 879, 878, 886, 887, 274, 273, 888, 889, 60, 272, 271, 890, 891]
67	12	[67, 344, 343, 17, 342, 327, 14, 326, 362, 16, 19, 318, 317, 13, 15, 340, 68, 321, 331, 322, 332, 316, 315, 360, 359, 330, 329, 10, 285, 286, 333, 334, 314, 313, 70]
68	3	[68, 340, 16, 13, 326, 14, 327, 321, 322, 10, 285, 286, 15, 17, 70, 343, 344, 342, 331, 332, 287, 288, 329, 330, 333, 334, 12, 67, 362, 307, 308, 297, 298, 335, 336, 19, 318, 317]
70	2	[70, 322, 321, 13, 16, 326, 340, 14, 10, 68, 327, 285, 286, 15, 17, 287, 288, 343, 344, 342, 331, 332, 12, 329, 330, 307, 308, 297, 298, 333, 334, 67, 362]
71	9	[71, 461, 460, 458, 448, 447, 9, 443, 440, 279, 280, 206, 205, 438, 437, 281, 282, 436, 22, 435, 204, 203, 262, 261, 5, 251, 169, 170, 407, 434, 433, 177, 179, 178, 180, 406, 171, 405, 172, 246, 245]
125	2	[125, 126, 2, 124, 123, 141, 142, 165, 166, 122, 121, 56, 143, 144, 120, 119, 39, 21, 374, 373, 118, 117, 145, 146, 372, 72, 717, 716, 116, 115, 147, 148, 715, 714, 368, 367]
141	3	[141, 142, 143, 144, 2, 126, 125, 145, 146, 165, 166, 147, 148, 56, 124, 123, 39, 21, 374, 373, 372, 149, 72, 150, 122, 121, 717, 716, 120, 119, 715, 714, 368, 367, 151, 152]
153	8	[153, 154, 155, 156, 152, 151, 157, 158, 150, 149, 159, 160, 161, 162, 148, 147, 146, 145, 55]
170	6	[170, 169, 5, 203, 204, 171, 172, 177, 179, 178, 180, 6, 181, 182, 205, 206, 211, 7, 47, 800, 185, 799, 186, 9, 229, 230, 187, 243, 244, 279, 280, 245, 246, 448, 447, 45, 443, 231, 197, 198, 46, 64, 458, 233, 234, 440, 199, 460, 461, 43, 754, 251, 753, 773, 774, 71, 281, 282, 261, 262, 438, 437, 306, 305, 22, 201, 202, 748, 747, 891, 890, 775, 776, 751, 752, 304, 303]
178	10	[178, 177, 5, 7, 203, 169, 204, 170, 179, 180, 171, 172, 243, 244, 181, 182, 245, 246, 205, 206, 6, 211, 64, 185, 186, 251, 9, 47, 187, 261, 262, 306, 305, 22, 800, 799, 279, 229, 280, 230, 448, 447, 282, 281, 891, 890, 443, 304, 303, 197, 198, 458, 407, 45, 199, 440, 460, 461, 231, 406, 405, 46, 71, 889, 888, 233, 234, 438, 437, 302, 301, 43, 754, 753, 773, 774]
179	8	[179, 180, 181, 182, 5, 203, 204, 169, 170, 185, 177, 186, 178, 171, 172, 187, 205, 206, 6, 7, 197, 198, 211, 199, 9, 47, 243, 244, 800, 799, 279, 229, 280, 230, 245, 246, 448, 447, 201, 202, 443, 458, 64, 45, 8, 440, 460, 461, 231, 251, 46, 71, 281, 282, 233, 234, 261, 262, 438, 437, 306, 25, 305, 22, 754, 43, 753, 773, 774]
180	8	[180, 179, 181, 182, 5, 203, 204, 169, 170, 185, 177, 186, 178, 171, 172, 187, 205, 206, 6, 7, 197, 198, 211, 199, 9, 47, 243, 244, 800, 799, 279, 229, 280, 230, 245, 246, 448, 447, 201, 202, 443, 458, 64, 45, 8, 440, 460, 461, 231, 251, 46, 71, 281, 282, 233, 234, 261, 262, 438, 437, 306, 25, 305, 22, 754, 43, 753, 773, 774]
187	8	[187, 186, 185, 197, 198, 199, 182, 181, 180, 179, 201, 202, 5, 8, 169, 170, 203, 204, 25, 177, 178, 171, 172, 508, 509, 490, 491, 482, 205, 265, 206, 266, 6, 7, 492, 493, 484, 485, 510, 511, 211, 268, 9, 494, 495, 47, 243, 244, 486, 487]
197	6	[197, 198, 199, 187, 201, 202, 186, 185, 8, 25, 182, 181, 508, 509, 490, 491, 482, 180, 179, 265, 266, 492, 493, 484, 485, 5, 510, 511, 203, 169, 204, 170, 268, 494, 495, 486, 487, 177, 178, 269, 270, 171, 172, 512, 513, 50, 496, 497, 205, 206, 271, 272, 6, 819, 7]
199	6	[199, 198, 197, 201, 202, 187, 186, 185, 8, 25, 508, 509, 490, 491, 482, 182, 181, 265, 266, 180, 179, 492, 493, 484, 485, 510, 511, 268, 5, 494, 495, 169, 203, 204, 486, 170, 487, 269, 270, 512, 513, 50, 177, 178, 171, 172, 496, 497, 271, 272, 819, 27, 205, 206]
201	4	[201, 202, 8, 199, 198, 197, 25, 508, 509, 490, 491, 482, 265, 266, 187, 186, 185, 492, 493, 484, 485, 510, 511, 268, 494, 495, 486, 487, 269, 270, 182, 181, 512, 513, 50, 180, 179, 496, 497, 271, 272, 819, 27, 5, 273, 274, 203, 204, 169, 170, 829, 537, 830, 536, 498, 499, 534, 535]
202	4	[202, 201, 8, 199, 198, 197, 25, 508, 509, 490, 491, 482, 265, 266, 187, 186, 185, 492, 493, 484, 485, 510, 511, 268, 494, 495, 486, 487, 269, 270, 182, 181, 512, 513, 50, 180, 179, 496, 497, 271, 272, 819, 27, 5, 273, 274, 203, 204, 169, 170, 829, 537, 830, 536, 498, 499, 534, 535]
211	9	[211, 6, 47, 800, 799, 172, 171, 45, 170, 229, 169, 230, 5, 46, 203, 204, 754, 43, 753, 773, 774, 234, 233, 231, 179, 177, 180, 178, 748, 747, 181, 182, 775, 776, 751, 752, 205, 206, 7, 777, 778, 185, 186, 41, 9, 44, 187, 243, 244, 760, 757, 279, 280, 245, 246, 779, 780, 448, 447, 743, 744, 443]
231	9	[231, 233, 234, 46, 230, 229, 43, 753, 754, 748, 747, 799, 800, 751, 752, 6, 47, 45, 211, 172, 171, 41, 44, 773, 774, 170, 760, 169, 757, 743, 744, 5, 775, 776, 203, 204, 766, 649, 648, 769, 770, 745, 746, 177, 179, 178, 180, 777, 778, 771, 181, 182]
243	20	[243, 244, 64, 7, 306, 305, 178, 177, 891, 890, 245, 246, 304, 303, 5, 169, 203, 170, 204, 889, 888, 251, 302, 301, 179, 180, 261, 262, 22, 171, 172, 282, 281, 181, 182, 887, 886, 205, 206, 300, 299, 6, 63, 407, 211, 406, 405, 185, 186, 9, 280, 298, 279, 297, 47, 187]
244	2	[244, 243, 7, 64, 306, 305, 178, 177, 891, 890, 245, 246, 304, 303, 5, 169, 203, 170, 204, 889, 888, 251, 302, 301, 179, 180, 261, 262, 22, 171, 172, 282, 281, 181, 182, 887, 886, 205, 206, 300, 299, 6, 63, 407, 211, 406, 405, 185, 186, 9, 280, 298, 279, 297, 47, 187]
251	3	[251, 261, 262, 22, 282, 281, 246, 245, 407, 406, 405, 280, 279, 7, 9, 404, 403, 178, 448, 177, 447, 243, 244, 443, 206, 205, 458, 402, 401, 440, 5, 460, 461, 64, 203, 169, 204, 170, 71, 438, 437, 179, 180, 306, 305, 171, 172, 400, 399, 181, 182, 891, 890]
261	14	[261, 262, 22, 282, 281, 251, 407, 246, 245, 406, 405, 280, 279, 9, 404, 7, 403, 448, 447, 443, 206, 205, 458, 178, 177, 243, 402, 244, 401, 440, 460, 461, 71, 438, 437, 5, 204, 203, 64, 169, 170, 400, 399, 179, 436, 180, 435, 306, 305, 171, 172, 398, 397]
268	6	[268, 269, 270, 266, 265, 271, 272, 273, 274, 8, 25, 202, 201, 508, 509, 490, 491, 63, 482, 886, 887, 199, 492, 493, 484, 485, 510, 198, 511, 197, 61, 888, 889, 494, 495, 486, 487, 882, 512, 513, 187, 50, 884, 186, 885, 185, 496, 497, 890, 891]
271	6	[271, 272, 273, 270, 274, 269, 268, 63, 886, 887, 266, 265, 61, 888, 889, 8, 882, 25, 884, 885, 202, 201, 890, 891, 508, 509, 879, 490, 878, 491, 482, 65, 199, 492, 493, 484, 485, 198, 510, 197, 511, 64]
279	4	[279, 280, 9, 448, 447, 281, 282, 443, 206, 22, 205, 262, 261, 458, 251, 440, 460, 461, 71, 407, 438, 437, 204, 203, 406, 405, 246, 245, 5, 169, 170, 436, 435, 179, 177, 180, 178, 171, 172, 404, 403, 7, 181, 182, 434, 433, 6, 402, 401, 211, 243, 244, 185, 186]
280	4	[280, 279, 9, 448, 447, 281, 282, 443, 206, 22, 205, 262, 261, 458, 251, 440, 460, 461, 71, 407, 438, 437, 204, 203, 406, 405, 246, 245, 5, 169, 170, 436, 435, 179, 177, 180, 178, 171, 172, 404, 403, 7, 181, 182, 434, 433, 6, 402, 401, 211, 243, 244, 185, 186]
286	9	[286, 285, 10, 287, 288, 13, 12, 16, 326, 340, 321, 322, 14, 307, 308, 297, 298, 68, 327, 70, 309, 310, 299, 300, 15, 17, 343, 344, 342, 331, 332, 301, 311, 302, 312, 329, 330, 333, 334, 313, 314, 67, 362, 303, 304]
287	4	[287, 288, 12, 286, 285, 10, 13, 16, 326, 340, 321, 322, 14, 307, 308, 297, 298, 68, 327, 70, 309, 310, 299, 300, 15, 17, 343, 344, 342, 331, 332, 301, 311, 302, 312, 329, 330]
288	4	[288, 287, 286, 12, 285, 10, 13, 16, 326, 340, 321, 322, 14, 307, 308, 297, 298, 68, 327, 70, 309, 310, 299, 300, 15, 17, 343, 344, 342, 331, 332, 301, 311, 302, 312, 329, 330]
303	4	[303, 304, 305, 306, 302, 301, 64, 300, 299, 244, 243, 891, 890, 298, 297, 7, 889, 888, 178, 177, 887, 886, 245, 246, 63, 307, 10, 308, 5, 285, 286, 203, 169, 204, 170]
317	6	[317, 318, 316, 315, 362, 342, 314, 313, 19, 17, 312, 311, 343, 344, 327, 360, 359, 330, 329, 14, 310, 309, 67, 326, 358, 357, 16, 15, 13, 308, 307, 340, 356, 355, 331, 332, 68, 321, 322, 10]
321	6	[321, 322, 70, 13, 16, 326, 340, 14, 10, 68, 327, 285, 286, 15, 17, 287, 288, 343, 344, 342, 331, 332, 12, 329, 330, 307, 308, 297, 298, 333, 334, 67, 362, 335, 336, 19, 318, 317, 309, 310, 299, 300]
322	2	[322, 321, 13, 70, 16, 326, 340, 14, 10, 68, 327, 285, 286, 15, 17, 287, 288, 343, 344, 342, 331, 332, 12, 329, 330, 307, 308, 297, 298, 333, 334, 67, 362, 335, 336, 19, 318, 317, 309, 310, 299, 300]
326	8	[326, 14, 16, 13, 327, 340, 68, 15, 321, 322, 17, 10, 343, 344, 342, 285, 286, 331, 332, 70, 329, 330, 333, 334, 287, 288, 67, 362, 335, 336, 19, 318, 317, 12, 307, 308, 297, 298, 316, 315, 360, 359, 337, 338, 309, 310, 299, 300, 314, 313]
327	3	[327, 14, 326, 17, 16, 13, 343, 344, 342, 15, 340, 68, 331, 321, 332, 322, 67, 362, 329, 330, 10, 285, 286, 333, 334, 19, 318, 317, 70, 335, 336, 287, 288, 316, 315, 360, 359, 12, 314, 313, 307, 308, 297, 298, 337, 338, 358, 357, 312, 311]
329	10	[329, 330, 15, 19, 362, 331, 332, 14, 360, 359, 333, 334, 327, 326, 342, 16, 358, 13, 357, 318, 335, 317, 336, 17, 340, 343, 344, 68, 321, 322, 356, 355, 316, 315, 10, 337, 338, 285, 286, 352, 351, 70, 67, 314, 313, 287, 288]
330	2	[330, 329, 15, 19, 362, 331, 332, 14, 360, 359, 333, 334, 327, 326, 342, 16, 358, 13, 357, 318, 335, 317, 336, 17, 340, 343, 344, 68, 321, 322, 356, 355, 316, 315, 10, 337, 338, 285, 286, 352, 351, 70, 67, 314, 313, 287, 288]
332	3	[332, 331, 15, 333, 334, 335, 336, 329, 330, 14, 327, 326, 16, 337, 338, 13, 19, 340, 17, 362, 68, 343, 344, 342, 321, 322, 18, 10, 360, 359, 285, 286, 70, 67, 347, 348, 358, 357, 318, 317, 287, 288]
340	8	[340, 16, 68, 13, 326, 14, 327, 321, 322, 10, 285, 286, 15, 17, 70, 343, 344, 342, 331, 332, 287, 288, 329, 330, 333, 334, 12, 67, 362, 307, 308, 297, 298, 335, 336, 19, 318, 317, 309, 310, 299, 300]
342	3	[342, 17, 343, 362, 344, 327, 19, 318, 317, 14, 67, 326, 16, 316, 315, 360, 359, 330, 329, 13, 15, 340, 314, 313, 68, 358, 357, 321, 331, 322, 332, 10, 312, 311, 285, 286, 333, 334, 70, 356, 355, 310, 309, 335, 336, 287, 288, 352, 351]
344	3	[344, 343, 17, 67, 342, 327, 14, 326, 362, 16, 19, 318, 317, 13, 15, 340, 68, 321, 331, 322, 332, 316, 315, 360, 359, 330, 329, 10, 285, 286, 333, 334, 314, 313, 70, 358, 357, 335, 336, 312, 287, 311, 288, 356, 355]
360	6	[360, 359, 358, 357, 19, 362, 356, 355, 330, 329, 352, 351, 342, 318, 317, 17, 15, 348, 347, 343, 344, 331, 332, 327, 316, 315, 14, 18, 67, 333, 334, 326, 314, 313, 16, 13, 335, 336]
362	3	[362, 19, 342, 318, 317, 17, 360, 359, 330, 329, 343, 344, 358, 327, 357, 316, 315, 15, 14, 67, 326, 314, 313, 356, 355, 331, 332, 16, 13, 312, 311, 340, 352, 351, 333, 334, 68, 321, 322, 310, 335, 309, 336, 10, 348, 347, 285, 286, 70]
364	4	[364, 363, 20, 385, 365, 412, 366, 386, 413, 414, 387, 388, 367, 368, 419, 420, 389, 390, 421, 422, 372, 373, 374, 21, 391, 392, 72, 423, 424, 56, 393, 394, 39, 166, 165]
372	6	[372, 373, 374, 21, 368, 72, 367, 56, 366, 39, 365, 166, 165, 717, 716, 364, 363, 2, 715, 714, 20, 126, 125, 141, 142, 385, 412, 386, 711, 710, 413, 414, 124, 123, 143, 144, 387, 388]
387	4	[387, 388, 389, 386, 390, 385, 391, 392, 20, 363, 364, 393, 394, 412, 413, 414, 395, 396, 365, 366, 419, 420, 421, 422, 397, 367, 398, 368, 399, 400, 372]
397	6	[397, 398, 399, 400, 396, 395, 401, 402, 394, 393, 392, 391, 403, 404, 390, 389, 405, 406, 407, 388, 387, 22, 386, 262, 385, 261]
401	6	[401, 402, 403, 404, 400, 399, 398, 397, 405, 406, 407, 396, 395, 22, 262, 261, 282, 281, 394, 393, 251, 392, 391, 246, 245, 280, 279, 390, 389]
402	4	[402, 401, 403, 404, 400, 399, 398, 397, 405, 406, 407, 396, 395, 22, 262, 261, 282, 281, 394, 393, 251, 392, 391, 246, 245, 280, 279, 390, 389]
407	4	[407, 406, 405, 22, 262, 261, 282, 281, 251, 404, 403, 246, 245, 280, 279, 402, 401, 9, 7, 400, 448, 399, 447, 443, 206, 205, 458, 398, 397, 440, 460, 461, 178, 177, 243, 244, 71, 438, 437, 204, 203, 5, 396, 395]
412	4	[412, 413, 414, 20, 419, 420, 363, 364, 385, 386, 421, 422, 387, 388, 365, 366, 423, 424, 389, 390, 367, 368, 391, 392, 429, 430, 372, 373, 431, 374, 432, 21, 393, 394]
422	3	[422, 421, 420, 419, 423, 424, 414, 413, 412, 429, 430, 20, 431, 432, 363, 364, 385, 386, 433, 434, 387, 388, 365, 366, 435, 436, 389, 390, 367, 368]
424	3	[424, 423, 429, 430, 422, 421, 431, 432, 420, 419, 433, 434, 414, 413, 412, 435, 436, 20, 363, 364, 437, 438, 385, 386, 440]
438	14	[438, 437, 440, 436, 435, 443, 447, 448, 9, 434, 433, 458, 279, 280, 460, 461, 71, 206, 205, 432, 431, 430, 429, 281, 282, 22, 204, 203, 262, 261, 5, 251, 169, 170, 424, 423, 407, 177, 179, 178, 180, 171, 406, 172, 405, 246, 245]
440	4	[440, 438, 437, 443, 447, 448, 9, 436, 435, 458, 279, 280, 460, 461, 71, 206, 205, 434, 433, 281, 282, 432, 22, 431, 204, 203, 262, 261, 5, 430, 429, 251, 169, 170, 407, 177, 179, 178, 180, 406, 171, 405, 172, 246, 245, 181, 182, 424, 423]
443	4	[443, 447, 448, 440, 9, 438, 437, 458, 279, 280, 460, 461, 71, 206, 205, 436, 435, 281, 282, 22, 434, 204, 433, 203, 262, 261, 5, 251, 169, 170, 407, 432, 431, 177, 179, 178, 180, 406, 171, 405, 172, 246, 245, 430, 429, 181, 182, 6, 7, 211, 404, 403]
458	12	[458, 460, 461, 71, 448, 447, 9, 443, 440, 279, 280, 206, 205, 438, 437, 281, 282, 436, 22, 435, 204, 203, 262, 261, 5, 251, 169, 170, 407, 434, 433, 177, 179, 178, 180, 406, 171, 405, 172, 246, 245, 181, 182, 6, 432, 431, 7]
482	12	[482, 25, 484, 485, 490, 491, 8, 508, 509, 492, 493, 486, 487, 202, 201, 510, 511, 494, 495, 265, 266, 199, 27, 198, 197, 268, 512, 513, 496, 497, 50, 269, 270, 534, 535, 514, 515, 187, 819, 186, 185, 536, 537, 498, 499, 271, 272, 829, 830, 516, 517, 273, 274, 831, 182, 181, 500, 501]
484	8	[484, 485, 482, 486, 487, 25, 490, 491, 8, 508, 509, 27, 492, 493, 202, 201, 510, 511, 494, 495, 265, 266, 534, 535, 514, 515, 199, 536, 537, 198, 197, 268, 512, 513, 496, 497, 50, 516, 517, 269, 270, 187, 819, 186, 185, 498, 499, 271, 272, 829, 830, 520, 521]
490	12	[490, 491, 25, 492, 493, 482, 8, 508, 509, 494, 495, 484, 485, 202, 201, 510, 511, 265, 266, 496, 497, 486, 487, 199, 198, 197, 268, 512, 513, 50, 498, 499, 27, 269, 270, 187, 819, 186, 185, 271, 272, 500, 501, 534, 535, 537, 829, 536, 830, 514, 515, 273, 274, 182, 831, 181]
499	3	[499, 498, 497, 500, 496, 501, 495, 494, 502, 503, 493, 492, 504, 505, 491, 490, 25, 482, 506, 507, 8, 508, 509, 484, 485, 202, 201, 28]
501	3	[501, 500, 499, 498, 502, 503, 497, 496, 504, 505, 495, 494, 506, 507, 493, 492, 28, 491, 490, 25, 542, 543, 548, 549, 482, 538, 539, 8]
503	6	[503, 502, 501, 504, 500, 505, 506, 507, 499, 498, 28, 497, 496, 542, 543, 548, 549, 495, 494, 538, 539, 493, 492, 544, 545, 550, 551, 540, 541]
505	8	[505, 504, 506, 507, 503, 502, 28, 501, 500, 542, 543, 548, 549, 538, 539, 499, 498, 544, 545, 550, 551, 540, 541, 497, 496, 546, 547, 552, 553, 495, 494, 48]
507	15	[507, 506, 505, 28, 504, 542, 543, 548, 549, 503, 502, 538, 539, 544, 545, 550, 551, 501, 500, 540, 541, 546, 547, 552, 553, 499, 498, 48, 49, 554, 555, 811, 812, 805, 806, 497, 496]
511	16	[511, 510, 509, 512, 508, 513, 50, 819, 25, 8, 490, 491, 482, 829, 537, 830, 536, 202, 201, 492, 493, 484, 485, 535, 534, 831, 265, 266, 199, 494, 495, 53, 198, 197, 486, 487, 27, 782, 781, 268, 496, 866, 497, 865, 269, 270, 187, 780, 779, 186, 514, 185, 515, 271, 272, 864, 863, 861]
544	9	[544, 545, 546, 547, 543, 542, 28, 49, 507, 506, 548, 549, 538, 539, 505, 504, 550, 551, 540, 541, 503, 502, 552, 553, 48]
579	6	[579, 577, 576, 580, 581, 575, 574, 32, 611, 610, 616, 617, 573, 572, 608, 571, 570, 569, 568]
581	6	[581, 580, 32, 579, 577, 576, 611, 610, 616, 617, 575, 574, 608, 573, 572, 571, 570]
632	6	[632, 631, 630, 636, 637, 638, 34, 640, 641, 35, 37, 642, 643, 700, 701, 648, 649, 36, 702, 703, 41, 678, 658, 679, 659, 743, 744]
638	6	[638, 637, 636, 640, 641, 642, 643, 632, 631, 630, 36, 34, 35, 37, 678, 658, 679, 659, 700, 701, 680, 681, 660, 661, 648, 649, 682, 683, 662, 663]
665	4	[665, 664, 38, 663, 662, 718, 719, 710, 711, 661, 660, 720, 721, 714, 715, 659, 658, 722, 723, 716, 717, 36, 726, 727, 39, 21, 678, 679, 374, 373, 643, 642]
694	4	[694, 695, 691, 690, 40, 689, 688, 727, 726, 733, 734, 687, 686, 723, 722, 735, 736, 685, 684, 737, 738, 683, 682, 721, 720, 739, 681, 740, 680, 719, 718]
735	4	[735, 736, 737, 734, 738, 733, 739, 740, 40, 741, 742, 727, 726, 695, 694, 691, 690, 723, 722, 69, 689, 688, 721, 720]
747	16	[747, 748, 43, 46, 41, 753, 754, 234, 233, 751, 752, 231, 743, 744, 45, 799, 800, 649, 648, 47, 745, 746, 44, 230, 229, 773, 774, 211, 760, 757, 42, 6, 775, 35, 776, 766, 769, 770, 34, 172, 171, 37, 777, 778, 771, 170, 169, 5, 58, 630, 631, 700, 701]
757	6	[757, 44, 760, 766, 752, 751, 769, 770, 771, 43, 58, 46, 753, 754, 748, 747, 234, 233, 231, 45, 799, 800, 47, 41, 230, 229, 773, 774, 211, 743, 744]
760	4	[760, 44, 766, 757, 769, 770, 771, 752, 751, 58, 43, 46, 753, 754, 748, 747, 234, 233, 231, 45, 799, 800, 47, 41, 230, 229, 773, 774, 211, 743, 744, 6]
766	2	[766, 769, 770, 760, 771, 44, 58, 757, 752, 751, 43, 46, 753, 754, 748, 747, 234, 233, 231, 45, 799, 800, 47, 41, 230, 229, 773, 774]
769	4	[769, 770, 766, 771, 760, 58, 44, 757, 752, 751, 43, 46, 753, 754, 748, 747, 234, 233, 231, 45, 799, 800, 47]
771	4	[771, 770, 769, 58, 766, 760, 44, 757, 752, 751, 43, 46, 753, 754, 748, 747, 234, 233, 231, 45]
819	6	[819, 50, 513, 512, 829, 830, 831, 511, 510, 537, 536, 53, 782, 781, 535, 534, 509, 508, 866, 865, 780, 779, 27, 25, 8, 864, 863, 861, 490, 491, 778, 482, 777, 202, 201, 514, 515, 487, 486, 492, 493, 484, 485, 776, 775, 265, 266, 860, 859, 199, 494, 495, 858, 198, 197, 516, 517]
831	8	[831, 830, 53, 829, 782, 781, 819, 866, 865, 780, 779, 50, 513, 512, 864, 863, 861, 778, 777, 511, 510, 537, 536, 776, 775, 860, 859, 535, 534, 858, 509, 508, 774, 773, 856, 855, 27, 25, 8, 45, 490, 491, 482]
852	4	[852, 851, 853, 854, 850, 849, 855, 856, 848, 847, 858, 859, 860, 846, 845, 861, 863, 844, 864, 843, 51, 865, 866]
853	16	[853, 854, 855, 852, 856, 851, 858, 859, 860, 850, 849, 848, 847, 861, 863, 864, 865, 866, 846, 845, 53, 782, 781, 844, 843, 51]
854	3	[854, 853, 852, 855, 851, 856, 858, 859, 860, 850, 849, 848, 847, 861, 863, 864, 865, 866, 846, 845, 53, 782, 781, 844, 843, 51]
855	6	[855, 856, 858, 854, 853, 859, 860, 852, 851, 861, 863, 864, 850, 849, 865, 866, 53, 848, 847, 782, 781, 831, 780, 779, 846, 845, 830, 829]
858	4	[858, 859, 860, 856, 855, 861, 854, 853, 863, 864, 865, 866, 852, 851, 53, 782, 781, 850, 849, 831, 780, 779, 830, 829, 848, 847, 819, 778, 777]
859	10	[859, 860, 858, 856, 855, 861, 863, 864, 854, 853, 865, 866, 852, 851, 53, 782, 781, 831, 850, 849, 780, 779, 830, 829, 819, 778, 777, 848, 847, 50]
860	8	[860, 859, 858, 856, 855, 861, 863, 864, 854, 853, 865, 866, 852, 851, 53, 782, 781, 831, 850, 849, 780, 779, 830, 829, 819, 778, 777, 848, 847, 50]
861	4	[861, 863, 864, 865, 866, 860, 859, 858, 53, 782, 781, 856, 855, 831, 780, 779, 830, 829, 854, 853, 819, 778, 777, 852, 851, 50, 513, 512, 776, 775, 850, 849, 511, 510, 774, 773]
882	6	[882, 884, 885, 61, 65, 63, 879, 878, 886, 887, 274, 273, 888, 889, 60, 272, 271, 890, 891, 270, 269, 268, 64]
END
