ProblemType:	Cm-CTP-R
Name:	W200-0-2
NumberDemandNodes (|W|):	200
MaximumWalkingDistance (gamma):	0
NumberOfTours (m):	2
VehicleCapacity (Q):	2
NumberCandidateLocations (|Vsto|):	263
TotalWaste (dtot):	1523
WasteDepot (sigma):	1839
Nodes (V)
Index	IsCandidateLocation	XSwissCoordinate	YSwissCoordinate
START
0	false	2583350	1209779
1	false	2583702	1209875
2	false	2582976	1209750
3	false	2581884	1212911
4	false	2581878	1212903
5	false	2581924	1212938
6	false	2581845	1212802
7	false	2582884	1212860
8	false	2582932	1212812
9	false	2582216	1212528
10	false	2583003	1212799
11	false	2583637	1212093
12	false	2583676	1212107
13	true	2583595	1212060
14	false	2583530	1212208
15	false	2583842	1212185
16	false	2583903	1212235
17	false	2583861	1212159
18	false	2583896	1212119
19	true	2583814	1212071
20	false	2583913	1212110
21	false	2584065	1212188
22	false	2584157	1212245
23	true	2584005	1212152
24	false	2584053	1212231
25	false	2584031	1212235
26	false	2584103	1212284
27	false	2584095	1212341
28	false	2584134	1212524
29	true	2584079	1212467
30	false	2582214	1212549
31	false	2582170	1212543
32	false	2581604	1212315
33	false	2581677	1212360
34	false	2583074	1210529
35	false	2583178	1210531
36	false	2583050	1211188
37	false	2584692	1210012
38	false	2583214	1212680
39	false	2583714	1212975
40	false	2582160	1212563
41	false	2582085	1212544
42	false	2584446	1212521
43	false	2584401	1212482
44	true	2584530	1212578
45	true	2584465	1212496
46	false	2584114	1212125
47	false	2584199	1212306
48	false	2584393	1212483
49	false	2584352	1212515
50	false	2584303	1212575
51	false	2584277	1212544
52	true	2584493	1212644
53	false	2584226	1212558
54	false	2582110	1212803
55	false	2582108	1212725
56	false	2582093	1212799
57	false	2582117	1212814
58	false	2581815	1212730
59	false	2581811	1212716
60	false	2581876	1212697
61	false	2581798	1212854
62	false	2581833	1212942
63	false	2581928	1212944
64	false	2583075	1212869
65	false	2583082	1212874
66	false	2583049	1212907
67	false	2582115	1212836
68	false	2582096	1212942
69	false	2582049	1212829
70	false	2581973	1212738
71	false	2581961	1212728
72	false	2581927	1212832
73	false	2581960	1212645
74	false	2581957	1212608
75	false	2582008	1212658
76	false	2581948	1212550
77	false	2581951	1212492
78	false	2581987	1212567
79	false	2581936	1212483
80	false	2581913	1212477
81	false	2581744	1212404
82	false	2581708	1212581
83	false	2581706	1212586
84	false	2581622	1212473
85	false	2581749	1212501
86	false	2581745	1212651
87	false	2581797	1212695
88	false	2581596	1212495
89	false	2581708	1212376
90	false	2581746	1212459
91	false	2581692	1212397
92	false	2581643	1212728
93	false	2581648	1212737
94	false	2581627	1212708
95	false	2581674	1212691
96	false	2581823	1212955
97	false	2581773	1212710
98	false	2581686	1212685
99	false	2581758	1212734
100	false	2581656	1212672
101	false	2581685	1212658
102	false	2581806	1212682
103	false	2581803	1212625
104	false	2582200	1212795
105	false	2582169	1212901
106	false	2581639	1212748
107	false	2581670	1212778
108	false	2581623	1212747
109	false	2581629	1212948
110	false	2581660	1212972
111	false	2581655	1212900
112	false	2581691	1212811
113	false	2581726	1212865
114	false	2581662	1212847
115	true	2583263	1212084
116	false	2583336	1212046
117	false	2583267	1212018
118	true	2583435	1211950
119	true	2583733	1212039
120	false	2583349	1211922
121	false	2583507	1211996
122	false	2583759	1211987
123	true	2583934	1212070
124	false	2583915	1212097
125	false	2583977	1212069
126	false	2583970	1212131
127	true	2583853	1212063
128	false	2583990	1212103
129	true	2583992	1212092
130	false	2584003	1212115
131	true	2583930	1212189
132	true	2583930	1212221
133	false	2583979	1212195
134	false	2583993	1212216
135	true	2583961	1212237
136	true	2583958	1212216
137	true	2583774	1211965
138	false	2583063	1211613
139	false	2583231	1211735
140	false	2582998	1211483
141	false	2583597	1211736
142	false	2582827	1211086
143	false	2585510	1211290
144	false	2584649	1211431
145	false	2585544	1211374
146	false	2582155	1212590
147	false	2582159	1212585
148	false	2584067	1212474
149	false	2584147	1212400
150	false	2584125	1212367
151	true	2584241	1212513
152	false	2584563	1212594
153	false	2584449	1212607
154	true	2584405	1212580
155	false	2584470	1212581
156	true	2584458	1212568
157	false	2584478	1212588
158	false	2584357	1212531
159	true	2584367	1212558
160	false	2584752	1212784
161	false	2584771	1212770
162	false	2584789	1212752
163	false	2584597	1212615
164	false	2584883	1212840
165	false	2584864	1212858
166	false	2584988	1212951
167	false	2584968	1212971
168	false	2585002	1212940
169	false	2585024	1212932
170	false	2585011	1212923
171	false	2585023	1212905
172	false	2584324	1212492
173	false	2584286	1212463
174	true	2584300	1212447
175	false	2584248	1212423
176	true	2584243	1212415
177	false	2584942	1212942
178	false	2584537	1212418
179	false	2584299	1212335
180	false	2584323	1211884
181	true	2584353	1211913
182	true	2584328	1211880
183	true	2584285	1211940
184	false	2584453	1212007
185	false	2584332	1211747
186	false	2584298	1211773
187	true	2584330	1211816
188	false	2584188	1211999
189	false	2585610	1211675
190	false	2585544	1211381
191	false	2585584	1211358
192	false	2585516	1211385
193	false	2584209	1212038
194	false	2583601	1211757
195	true	2584351	1211841
196	false	2584283	1211876
197	false	2584305	1211846
198	false	2583384	1211810
199	false	2585721	1210043
200	false	2585624	1209782
201	false	2581603	1212443
202	false	2581613	1212369
203	false	2581694	1212502
204	false	2581710	1212497
205	false	2582072	1212719
206	false	2582013	1212832
207	true	2584986	1211076
208	false	2584230	1212440
209	false	2583545	1212031
210	true	2583532	1212039
211	false	2583552	1212035
212	false	2584175	1212331
213	true	2584186	1212324
214	true	2584209	1212356
215	false	2583483	1212015
216	false	2583553	1212073
217	true	2584130	1212321
218	false	2583547	1212069
219	true	2583660	1212127
220	false	2584233	1211955
221	true	2584317	1211973
222	true	2584393	1211868
223	true	2584435	1212467
224	false	2584416	1212463
225	false	2585019	1212958
226	false	2584951	1212932
227	true	2584624	1212597
228	true	2584579	1212570
229	false	2584417	1212457
230	false	2583953	1212281
231	false	2583978	1212305
232	false	2583991	1212316
233	false	2582033	1212851
234	false	2582028	1212807
235	false	2581691	1212429
236	false	2583778	1211995
237	false	2583803	1211966
238	true	2583811	1212013
239	false	2581595	1212618
240	false	2584190	1212235
241	false	2581664	1212659
242	false	2581606	1212729
243	false	2581663	1212376
244	false	2581716	1212448
245	false	2581703	1212406
246	false	2581780	1212614
247	false	2583092	1212854
248	false	2581994	1212803
249	false	2582078	1212814
250	false	2582013	1212824
251	false	2581952	1212454
252	false	2581986	1212612
253	false	2582134	1212576
254	false	2582078	1212588
255	false	2584384	1212548
256	false	2581735	1212607
257	false	2583391	1209780
258	false	2583389	1209786
259	false	2583419	1209785
260	false	2583417	1209791
261	false	2583442	1209791
262	false	2583440	1209797
263	false	2583480	1209803
264	false	2583479	1209809
265	false	2583488	1209806
266	false	2583486	1209811
267	false	2583002	1209756
268	false	2583002	1209750
269	false	2583781	1209897
270	false	2583780	1209903
271	false	2584033	1209976
272	false	2584032	1209982
273	false	2584083	1209990
274	false	2584083	1209996
275	false	2584125	1209993
276	false	2584124	1209999
277	false	2584292	1209997
278	false	2584292	1210003
279	false	2584500	1210004
280	false	2584500	1210010
281	false	2582978	1209758
282	false	2582972	1209759
283	false	2582978	1209768
284	false	2582972	1209768
285	false	2582986	1209815
286	false	2582980	1209815
287	false	2582991	1209843
288	false	2582985	1209844
289	false	2582996	1209872
290	false	2582990	1209873
291	false	2583000	1209901
292	false	2582994	1209902
293	false	2583005	1209929
294	false	2582999	1209930
295	false	2583009	1209958
296	false	2583003	1209959
297	false	2583013	1209988
298	false	2583008	1209988
299	false	2583021	1210032
300	false	2583015	1210033
301	false	2583029	1210077
302	false	2583023	1210078
303	false	2583037	1210122
304	false	2583031	1210122
305	false	2583044	1210166
306	false	2583038	1210166
307	false	2583051	1210210
308	false	2583045	1210211
309	false	2583058	1210254
310	false	2583052	1210255
311	false	2583064	1210287
312	false	2583058	1210288
313	false	2583069	1210320
314	false	2583063	1210320
315	false	2583075	1210353
316	false	2583069	1210354
317	false	2583078	1210383
318	false	2583072	1210384
319	false	2583078	1210414
320	false	2583072	1210415
321	false	2583078	1210445
322	false	2583072	1210446
323	false	2583077	1210488
324	false	2583071	1210488
325	false	2583077	1210507
326	false	2583071	1210507
327	false	2583077	1210519
328	false	2583071	1210520
329	false	2581879	1212911
330	false	2581882	1212906
331	false	2581900	1212916
332	false	2581896	1212921
333	false	2581908	1212921
334	false	2581904	1212926
335	false	2581915	1212927
336	false	2581912	1212932
337	false	2581878	1212892
338	false	2581884	1212890
339	false	2581873	1212871
340	false	2581878	1212869
341	false	2581869	1212862
342	false	2581875	1212860
343	false	2581864	1212853
344	false	2581870	1212851
345	false	2581858	1212840
346	false	2581863	1212837
347	false	2581851	1212826
348	false	2581857	1212824
349	false	2581867	1212901
350	false	2581870	1212896
351	false	2581824	1212875
352	false	2581828	1212870
353	false	2581868	1212912
354	false	2581865	1212914
355	false	2581860	1212918
356	false	2581928	1212937
357	false	2581925	1212942
358	false	2581838	1212811
359	false	2581833	1212807
360	false	2581813	1212835
361	false	2581808	1212831
362	false	2581830	1212771
363	false	2581836	1212769
364	false	2582911	1212833
365	false	2582915	1212837
366	false	2582921	1212811
367	false	2582923	1212806
368	false	2582912	1212809
369	false	2582915	1212803
370	false	2582871	1212804
371	false	2582873	1212798
372	false	2582854	1212800
373	false	2582856	1212795
374	false	2582833	1212799
375	false	2582835	1212793
376	false	2582803	1212800
377	false	2582805	1212794
378	false	2582780	1212806
379	false	2582782	1212800
380	false	2582759	1212810
381	false	2582761	1212805
382	false	2582729	1212808
383	false	2582731	1212802
384	false	2582719	1212806
385	false	2582721	1212801
386	false	2582694	1212795
387	false	2582697	1212789
388	false	2582678	1212783
389	false	2582680	1212777
390	false	2582615	1212734
391	false	2582618	1212728
392	false	2582580	1212714
393	false	2582582	1212709
394	false	2582537	1212701
395	false	2582539	1212695
396	false	2582501	1212689
397	false	2582503	1212683
398	false	2582464	1212664
399	false	2582466	1212659
400	false	2582408	1212618
401	false	2582410	1212613
402	false	2582378	1212596
403	false	2582380	1212590
404	false	2582340	1212565
405	false	2582342	1212559
406	false	2582311	1212546
407	false	2582313	1212541
408	false	2582292	1212538
409	false	2582294	1212532
410	false	2582259	1212531
411	false	2582261	1212526
412	false	2582254	1212531
413	false	2582256	1212525
414	false	2582239	1212530
415	false	2582241	1212524
416	false	2582226	1212530
417	false	2582229	1212524
418	false	2582965	1212805
419	false	2582966	1212811
420	false	2582991	1212799
421	false	2582992	1212805
422	false	2582219	1212538
423	false	2582213	1212538
424	false	2582190	1212534
425	false	2582188	1212528
426	false	2583012	1212824
427	false	2583008	1212829
428	false	2583033	1212841
429	false	2583029	1212845
430	false	2583054	1212853
431	false	2583050	1212858
432	false	2583008	1212790
433	false	2583010	1212796
434	false	2583031	1212766
435	false	2583034	1212771
436	false	2583032	1212766
437	false	2583035	1212771
438	false	2583056	1212738
439	false	2583059	1212743
440	false	2583093	1212720
441	false	2583096	1212725
442	false	2583153	1212707
443	false	2583156	1212712
444	false	2583180	1212697
445	false	2583183	1212702
446	true	2583651	1212090
447	false	2583649	1212096
448	false	2583661	1212094
449	false	2583659	1212100
450	false	2583632	1212089
451	false	2583635	1212084
452	false	2583627	1212084
453	false	2583631	1212079
454	false	2583633	1212098
455	false	2583629	1212094
456	false	2583626	1212103
457	false	2583622	1212099
458	false	2583599	1212126
459	false	2583594	1212122
460	false	2583570	1212159
461	false	2583566	1212154
462	false	2583551	1212181
463	false	2583547	1212177
464	true	2583672	1212119
465	false	2583667	1212116
466	false	2583706	1212121
467	false	2583703	1212126
468	true	2583734	1212138
469	true	2583731	1212143
470	true	2583767	1212159
471	true	2583764	1212164
472	true	2583800	1212180
473	true	2583798	1212186
474	false	2583818	1212186
475	false	2583815	1212191
476	false	2583831	1212187
477	false	2583828	1212193
478	false	2583572	1212049
479	false	2583575	1212044
480	true	2583587	1212075
481	false	2583585	1212070
482	false	2583583	1212079
483	false	2583581	1212073
484	false	2583567	1212078
485	true	2583565	1212072
486	false	2583522	1212207
487	false	2583526	1212202
488	false	2583496	1212211
489	false	2583500	1212207
490	true	2583474	1212179
491	true	2583478	1212175
492	true	2583453	1212147
493	true	2583457	1212142
494	true	2583431	1212115
495	true	2583435	1212110
496	true	2583410	1212083
497	true	2583414	1212078
498	false	2583391	1212072
499	false	2583395	1212067
500	true	2583362	1212061
501	true	2583365	1212057
502	false	2583515	1212244
503	false	2583510	1212240
504	false	2583501	1212276
505	false	2583496	1212273
506	false	2583487	1212309
507	false	2583482	1212305
508	false	2583473	1212341
509	false	2583468	1212338
510	false	2583458	1212367
511	false	2583453	1212363
512	false	2583455	1212371
513	false	2583450	1212368
514	false	2583441	1212391
515	true	2583436	1212388
516	false	2583437	1212396
517	false	2583432	1212393
518	false	2583416	1212425
519	false	2583411	1212421
520	false	2583386	1212463
521	false	2583381	1212460
522	false	2583356	1212502
523	false	2583351	1212498
524	false	2583348	1212511
525	false	2583343	1212508
526	false	2583341	1212521
527	false	2583336	1212518
528	false	2583315	1212556
529	false	2583310	1212552
530	false	2583289	1212590
531	false	2583284	1212587
532	false	2583263	1212625
533	false	2583258	1212622
534	false	2583241	1212658
535	false	2583236	1212654
536	true	2583875	1212207
537	true	2583871	1212211
538	true	2583849	1212171
539	true	2583854	1212174
540	false	2583875	1212136
541	false	2583880	1212140
542	false	2583898	1212181
543	false	2583894	1212185
544	false	2583905	1212183
545	false	2583901	1212188
546	false	2583928	1212198
547	false	2583924	1212203
548	false	2583936	1212209
549	false	2583932	1212213
550	true	2583851	1212098
551	true	2583854	1212093
552	false	2583898	1212110
553	false	2583901	1212115
554	true	2583769	1212061
555	true	2583772	1212055
556	false	2583818	1212048
557	true	2583818	1212054
558	false	2583826	1212027
559	false	2583826	1212033
560	false	2583831	1212019
561	true	2583831	1212025
562	false	2583837	1212012
563	false	2583837	1212018
564	true	2583849	1212007
565	false	2583849	1212013
566	false	2583860	1212009
567	false	2583860	1212015
568	false	2583870	1211996
569	false	2583870	1212002
570	true	2583883	1211988
571	false	2583883	1211994
572	false	2583890	1211988
573	false	2583890	1211994
574	false	2583897	1211990
575	false	2583897	1211996
576	true	2583912	1211998
577	false	2583912	1212004
578	false	2583928	1212015
579	false	2583928	1212021
580	false	2583934	1212029
581	false	2583934	1212035
582	false	2583932	1212041
583	false	2583932	1212047
584	false	2583933	1212051
585	false	2583933	1212057
586	false	2583935	1212062
587	false	2583935	1212068
588	false	2583913	1212103
589	false	2583918	1212105
590	false	2583925	1212110
591	false	2583923	1212115
592	false	2583937	1212114
593	false	2583935	1212120
594	false	2583946	1212118
595	false	2583944	1212124
596	true	2584078	1212191
597	false	2584075	1212196
598	false	2584100	1212201
599	false	2584097	1212206
600	true	2584113	1212209
601	false	2584110	1212214
602	true	2584130	1212226
603	true	2584127	1212231
604	false	2584142	1212239
605	false	2584139	1212244
606	false	2584150	1212243
607	false	2584147	1212248
608	false	2584052	1212185
609	false	2584055	1212180
610	true	2584027	1212171
611	true	2584030	1212166
612	false	2584062	1212202
613	false	2584056	1212200
614	false	2584160	1212236
615	false	2584165	1212234
616	false	2584157	1212229
617	false	2584163	1212227
618	false	2584141	1212204
619	false	2584146	1212202
620	false	2584129	1212179
621	false	2584135	1212177
622	true	2584119	1212152
623	true	2584125	1212150
624	false	2584166	1212251
625	false	2584161	1212254
626	true	2584185	1212276
627	true	2584180	1212280
628	true	2583985	1212147
629	false	2583988	1212142
630	false	2583993	1212177
631	false	2583988	1212173
632	false	2584043	1212237
633	false	2584042	1212232
634	false	2584081	1212254
635	false	2584077	1212259
636	true	2584059	1212261
637	true	2584053	1212263
638	true	2584061	1212292
639	true	2584056	1212294
640	true	2584079	1212326
641	true	2584073	1212328
642	false	2584018	1212241
643	false	2584021	1212236
644	true	2584002	1212232
645	true	2584005	1212227
646	false	2583997	1212224
647	false	2584000	1212218
648	false	2584019	1212260
649	false	2584014	1212256
650	false	2584004	1212280
651	false	2583999	1212277
652	false	2584110	1212327
653	false	2584113	1212332
654	true	2584104	1212347
655	true	2584100	1212352
656	true	2584104	1212499
657	true	2584108	1212494
658	false	2584076	1212475
659	false	2584071	1212470
660	true	2584087	1212451
661	true	2584091	1212455
662	true	2584115	1212423
663	true	2584119	1212427
664	false	2582169	1212555
665	false	2582164	1212553
666	false	2582131	1212549
667	false	2582131	1212543
668	false	2582099	1212548
669	false	2582099	1212542
670	false	2581627	1212325
671	false	2581624	1212331
672	false	2581694	1212367
673	false	2581690	1212372
674	false	2581674	1212370
675	false	2581669	1212367
676	false	2583105	1210526
677	false	2583105	1210532
678	false	2583134	1210527
679	false	2583134	1210533
680	false	2583077	1210544
681	false	2583071	1210544
682	false	2583076	1210586
683	false	2583070	1210586
684	false	2583076	1210628
685	false	2583070	1210628
686	false	2583076	1210637
687	false	2583070	1210637
688	false	2583077	1210653
689	false	2583071	1210653
690	false	2583077	1210661
691	false	2583071	1210661
692	false	2583077	1210666
693	false	2583071	1210666
694	false	2583078	1210680
695	false	2583072	1210680
696	false	2583077	1210716
697	false	2583071	1210716
698	false	2583076	1210756
699	false	2583070	1210755
700	false	2583077	1210794
701	false	2583071	1210794
702	false	2583077	1210833
703	false	2583071	1210833
704	false	2583078	1210879
705	false	2583072	1210878
706	false	2583079	1210924
707	false	2583073	1210924
708	false	2583079	1210970
709	false	2583073	1210970
710	false	2583080	1211016
711	false	2583074	1211016
712	false	2583082	1211048
713	false	2583076	1211048
714	false	2583083	1211082
715	false	2583077	1211082
716	false	2583074	1211118
717	false	2583068	1211118
718	false	2583065	1211153
719	false	2583059	1211153
720	false	2583007	1211171
721	false	2583009	1211166
722	false	2582961	1211151
723	false	2582963	1211146
724	false	2582916	1211131
725	false	2582918	1211126
726	false	2582870	1211111
727	false	2582872	1211106
728	false	2583045	1211237
729	false	2583039	1211236
730	false	2583033	1211285
731	false	2583027	1211284
732	false	2583021	1211333
733	false	2583015	1211332
734	false	2583010	1211381
735	false	2583004	1211380
736	false	2582998	1211422
737	false	2582992	1211421
738	false	2582992	1211440
739	false	2582986	1211439
740	false	2582992	1211456
741	false	2582986	1211455
742	false	2582995	1211472
743	false	2582989	1211471
744	false	2584956	1210018
745	false	2584956	1210024
746	false	2585373	1210031
747	false	2585373	1210037
748	false	2584819	1209913
749	false	2584820	1209919
750	false	2584840	1209896
751	false	2584842	1209902
752	false	2584852	1209887
753	false	2584854	1209893
754	false	2584870	1209881
755	false	2584871	1209887
756	false	2584888	1209876
757	false	2584889	1209882
758	false	2584894	1209877
759	false	2584895	1209883
760	false	2584930	1209874
761	false	2584932	1209880
762	false	2584981	1209872
763	false	2584983	1209878
764	false	2585075	1209870
765	false	2585076	1209876
766	false	2585170	1209867
767	false	2585171	1209873
768	false	2585229	1209865
769	false	2585230	1209870
770	false	2585347	1209861
771	false	2585349	1209867
772	false	2585407	1209849
773	false	2585409	1209855
774	false	2583223	1212684
775	false	2583220	1212689
776	false	2583344	1212755
777	false	2583341	1212760
778	false	2583476	1212830
779	false	2583473	1212835
780	false	2582163	1212576
781	false	2582157	1212575
782	false	2582069	1212544
783	false	2582071	1212539
784	false	2582052	1212540
785	false	2582054	1212534
786	false	2581997	1212512
787	false	2581999	1212507
788	false	2582086	1212567
789	false	2582080	1212566
790	true	2584421	1212505
791	true	2584424	1212500
792	false	2584476	1212536
793	false	2584473	1212541
794	true	2584504	1212554
795	true	2584501	1212559
796	false	2584453	1212505
797	false	2584457	1212509
798	false	2584406	1212473
799	false	2584410	1212477
800	false	2584397	1212485
801	false	2584398	1212480
802	true	2584515	1212610
803	true	2584510	1212607
804	false	2584549	1212580
805	false	2584546	1212586
806	false	2584103	1212124
807	false	2584106	1212119
808	true	2584097	1212117
809	true	2584100	1212113
810	false	2584064	1212086
811	false	2584067	1212081
812	true	2584046	1212058
813	true	2584050	1212053
814	false	2584028	1212031
815	false	2584032	1212026
816	false	2584022	1212017
817	false	2584026	1212012
818	false	2584014	1211998
819	false	2584018	1211993
820	false	2584003	1211980
821	false	2584006	1211975
822	false	2583976	1211953
823	false	2583980	1211948
824	false	2583949	1211926
825	false	2583953	1211921
826	false	2583911	1211896
827	false	2583915	1211892
828	false	2583870	1211878
829	false	2583874	1211874
830	false	2583827	1211864
831	false	2583831	1211859
832	false	2583801	1211854
833	false	2583805	1211849
834	false	2583775	1211844
835	false	2583779	1211839
836	false	2583768	1211841
837	false	2583772	1211836
838	false	2583759	1211837
839	false	2583763	1211832
840	false	2583751	1211832
841	false	2583754	1211827
842	false	2583714	1211809
843	false	2583717	1211805
844	false	2583676	1211786
845	false	2583680	1211782
846	false	2583639	1211763
847	false	2583643	1211759
848	false	2583616	1211752
849	false	2583620	1211748
850	false	2584115	1212113
851	false	2584119	1212118
852	false	2584120	1212107
853	false	2584124	1212111
854	false	2584130	1212099
855	false	2584134	1212104
856	false	2584158	1212076
857	false	2584162	1212081
858	false	2584185	1212054
859	false	2584189	1212058
860	false	2584211	1212301
861	false	2584209	1212307
862	false	2584217	1212303
863	false	2584215	1212309
864	false	2584237	1212319
865	false	2584236	1212324
866	false	2584257	1212325
867	false	2584255	1212331
868	false	2584283	1212329
869	false	2584282	1212335
870	false	2584223	1212324
871	false	2584219	1212329
872	true	2584259	1212350
873	true	2584255	1212355
874	true	2584295	1212376
875	true	2584291	1212381
876	true	2584331	1212402
877	true	2584327	1212407
878	true	2584353	1212428
879	true	2584349	1212432
880	false	2584375	1212453
881	false	2584371	1212458
882	false	2584377	1212501
883	false	2584373	1212497
884	false	2584332	1212549
885	false	2584328	1212545
886	false	2584360	1212522
887	false	2584354	1212525
888	false	2584288	1212563
889	false	2584292	1212559
890	true	2584336	1212600
891	true	2584334	1212606
892	true	2584362	1212620
893	true	2584360	1212626
894	true	2584389	1212640
895	true	2584387	1212646
896	true	2584427	1212667
897	true	2584425	1212672
898	true	2584465	1212693
899	true	2584463	1212699
900	true	2584480	1212666
901	true	2584478	1212671
902	false	2584306	1212613
903	false	2584307	1212608
904	false	2584277	1212613
905	true	2584278	1212607
906	false	2584271	1212612
907	false	2584272	1212606
908	false	2584266	1212608
909	false	2584268	1212602
910	true	2584246	1212586
911	true	2584247	1212580
912	true	2584257	1212531
913	true	2584261	1212526
914	true	2584296	1212516
915	true	2584300	1212520
916	true	2584469	1212628
917	true	2584473	1212623
918	false	2582109	1212801
919	false	2582115	1212801
920	false	2582110	1212799
921	false	2582116	1212798
922	false	2582110	1212796
923	false	2582116	1212796
924	false	2582107	1212753
925	false	2582113	1212753
926	false	2582107	1212807
927	false	2582109	1212801
928	false	2582105	1212807
929	false	2582106	1212801
930	false	2582101	1212806
931	false	2582102	1212800
932	false	2582115	1212806
933	false	2582110	1212809
934	false	2582090	1212727
935	false	2582090	1212721
936	false	2582108	1212703
937	false	2582114	1212705
938	false	2582116	1212679
939	false	2582122	1212681
940	false	2582088	1212809
941	false	2582083	1212805
942	false	2582119	1212826
943	false	2582113	1212825
944	false	2582126	1212809
945	false	2582128	1212814
946	false	2582145	1212806
947	false	2582147	1212811
948	false	2582165	1212802
949	false	2582166	1212808
950	false	2582181	1212798
951	false	2582182	1212804
952	false	2581809	1212725
953	false	2581814	1212723
954	false	2581829	1212714
955	false	2581832	1212719
956	false	2581845	1212705
957	false	2581847	1212710
958	false	2581852	1212700
959	false	2581855	1212705
960	false	2581860	1212697
961	false	2581863	1212702
962	false	2581867	1212695
963	false	2581870	1212701
964	false	2581804	1212721
965	false	2581801	1212709
966	false	2581806	1212705
967	false	2581886	1212696
968	false	2581884	1212702
969	false	2581898	1212699
970	false	2581895	1212705
971	false	2581912	1212705
972	false	2581910	1212710
973	false	2581872	1212689
974	false	2581878	1212690
975	false	2581874	1212681
976	false	2581880	1212682
977	false	2581891	1212646
978	false	2581897	1212647
979	false	2581914	1212588
980	false	2581920	1212589
981	false	2581914	1212579
982	false	2581920	1212580
983	false	2581913	1212569
984	false	2581918	1212570
985	false	2581905	1212545
986	false	2581911	1212546
987	false	2581903	1212531
988	false	2581909	1212532
989	false	2581785	1212850
990	false	2581789	1212845
991	false	2581775	1212842
992	false	2581779	1212837
993	false	2581764	1212832
994	false	2581768	1212827
995	false	2581751	1212821
996	false	2581755	1212816
997	false	2581740	1212812
998	false	2581744	1212807
999	false	2581731	1212804
1000	false	2581735	1212799
1001	false	2581691	1212767
1002	false	2581694	1212763
1003	false	2581666	1212748
1004	false	2581670	1212744
1005	false	2581796	1212894
1006	false	2581795	1212891
1007	false	2581794	1212886
1008	false	2581793	1212878
1009	false	2581794	1212865
1010	false	2581832	1212948
1011	false	2581827	1212944
1012	false	2581827	1212953
1013	false	2581823	1212949
1014	false	2581952	1212902
1015	false	2581957	1212906
1016	false	2582000	1212847
1017	false	2582004	1212850
1018	false	2582004	1212842
1019	false	2582008	1212845
1020	false	2583079	1212867
1021	false	2583077	1212873
1022	false	2583070	1212885
1023	false	2583065	1212881
1024	false	2583062	1212897
1025	false	2583057	1212894
1026	false	2583082	1212861
1027	false	2583088	1212863
1028	false	2582115	1212863
1029	false	2582109	1212862
1030	false	2582107	1212896
1031	false	2582101	1212895
1032	false	2582101	1212932
1033	false	2582095	1212931
1034	false	2582104	1212839
1035	false	2582105	1212833
1036	false	2582100	1212838
1037	false	2582101	1212833
1038	false	2582098	1212839
1039	false	2582098	1212833
1040	false	2582096	1212840
1041	false	2582097	1212835
1042	false	2582090	1212850
1043	false	2582091	1212844
1044	false	2582088	1212851
1045	false	2582089	1212845
1046	false	2582087	1212852
1047	false	2582087	1212846
1048	false	2582085	1212852
1049	false	2582085	1212846
1050	false	2582082	1212851
1051	false	2582083	1212845
1052	false	2582045	1212842
1053	false	2582040	1212839
1054	false	2582047	1212826
1055	false	2582052	1212821
1056	false	2582047	1212824
1057	false	2582051	1212820
1058	false	2582046	1212822
1059	false	2582051	1212818
1060	false	2582045	1212821
1061	false	2582049	1212816
1062	false	2582043	1212819
1063	false	2582047	1212815
1064	false	2581965	1212737
1065	false	2581968	1212731
1066	false	2581954	1212771
1067	false	2581949	1212768
1068	false	2581952	1212775
1069	false	2581946	1212772
1070	false	2581947	1212786
1071	false	2581941	1212784
1072	false	2581943	1212796
1073	false	2581938	1212793
1074	false	2581942	1212799
1075	false	2581937	1212796
1076	false	2581940	1212810
1077	false	2581935	1212807
1078	false	2581937	1212817
1079	false	2581932	1212814
1080	false	2581958	1212727
1081	false	2581964	1212727
1082	false	2581960	1212722
1083	false	2581966	1212722
1084	false	2581961	1212717
1085	false	2581967	1212717
1086	false	2581961	1212713
1087	false	2581967	1212713
1088	false	2581961	1212690
1089	false	2581967	1212690
1090	false	2581954	1212628
1091	false	2581960	1212627
1092	false	2582003	1212651
1093	false	2582002	1212657
1094	false	2581948	1212593
1095	false	2581954	1212592
1096	false	2581977	1212611
1097	false	2581976	1212617
1098	false	2581968	1212554
1099	false	2581967	1212560
1100	false	2581942	1212492
1101	false	2581944	1212486
1102	false	2581924	1212486
1103	false	2581925	1212480
1104	false	2581940	1212468
1105	false	2581945	1212471
1106	false	2581861	1212466
1107	false	2581864	1212461
1108	false	2581852	1212463
1109	false	2581854	1212458
1110	false	2581830	1212453
1111	false	2581832	1212448
1112	false	2581796	1212436
1113	false	2581798	1212431
1114	false	2581770	1212423
1115	false	2581773	1212417
1116	false	2581724	1212394
1117	false	2581727	1212389
1118	false	2581745	1212412
1119	false	2581739	1212412
1120	false	2581742	1212426
1121	false	2581736	1212426
1122	false	2581711	1212582
1123	false	2581705	1212583
1124	false	2581661	1212513
1125	false	2581666	1212510
1126	false	2581746	1212521
1127	false	2581751	1212524
1128	false	2581724	1212591
1129	false	2581721	1212596
1130	false	2581714	1212603
1131	false	2581709	1212606
1132	false	2581719	1212619
1133	false	2581714	1212623
1134	false	2581742	1212637
1135	false	2581737	1212641
1136	false	2581609	1212461
1137	false	2581614	1212457
1138	false	2581628	1212465
1139	false	2581626	1212471
1140	false	2581633	1212464
1141	false	2581630	1212470
1142	false	2581638	1212464
1143	false	2581636	1212469
1144	false	2581644	1212466
1145	false	2581642	1212472
1146	false	2581664	1212481
1147	false	2581662	1212486
1148	false	2581678	1212490
1149	false	2581676	1212495
1150	false	2581743	1212481
1151	false	2581749	1212480
1152	false	2581723	1212488
1153	false	2581724	1212482
1154	false	2581717	1212490
1155	false	2581718	1212484
1156	false	2581757	1212654
1157	false	2581753	1212658
1158	false	2581782	1212672
1159	false	2581779	1212676
1160	false	2581792	1212683
1161	false	2581788	1212687
1162	false	2581708	1212631
1163	false	2581713	1212627
1164	false	2581680	1212614
1165	false	2581684	1212610
1166	false	2581669	1212605
1167	false	2581674	1212601
1168	false	2581658	1212597
1169	false	2581662	1212593
1170	false	2581640	1212575
1171	false	2581644	1212571
1172	false	2581800	1212688
1173	false	2581805	1212691
1174	false	2581703	1212390
1175	false	2581698	1212387
1176	false	2581717	1212448
1177	false	2581719	1212442
1178	false	2581701	1212398
1179	false	2581698	1212403
1180	false	2581683	1212421
1181	false	2581677	1212421
1182	false	2581649	1212729
1183	false	2581644	1212733
1184	false	2581632	1212722
1185	false	2581636	1212717
1186	false	2581646	1212720
1187	false	2581651	1212724
1188	false	2581646	1212741
1189	false	2581641	1212738
1190	false	2581644	1212744
1191	false	2581639	1212741
1192	false	2581619	1212723
1193	false	2581614	1212719
1194	false	2581662	1212685
1195	false	2581666	1212680
1196	false	2581679	1212684
1197	false	2581682	1212689
1198	false	2581811	1212947
1199	false	2581815	1212943
1200	false	2581808	1212945
1201	false	2581812	1212940
1202	false	2581803	1212943
1203	false	2581807	1212939
1204	false	2581794	1212941
1205	false	2581798	1212937
1206	false	2581784	1212940
1207	false	2581788	1212936
1208	false	2581781	1212939
1209	false	2581785	1212935
1210	false	2581778	1212938
1211	false	2581782	1212933
1212	false	2581775	1212935
1213	false	2581779	1212931
1214	false	2581743	1212700
1215	false	2581744	1212695
1216	false	2581740	1212699
1217	false	2581741	1212694
1218	false	2581715	1212693
1219	false	2581717	1212687
1220	false	2581690	1212688
1221	false	2581692	1212682
1222	false	2581767	1212724
1223	false	2581762	1212721
1224	false	2581764	1212732
1225	false	2581759	1212729
1226	false	2581679	1212674
1227	false	2581685	1212674
1228	false	2581679	1212667
1229	false	2581685	1212667
1230	false	2581655	1212665
1231	false	2581661	1212667
1232	false	2581633	1212659
1233	false	2581637	1212655
1234	false	2581624	1212652
1235	false	2581628	1212648
1236	false	2581618	1212647
1237	false	2581622	1212642
1238	false	2581616	1212645
1239	false	2581620	1212640
1240	false	2581823	1212640
1241	false	2581829	1212639
1242	false	2581782	1212660
1243	false	2581788	1212658
1244	false	2581787	1212625
1245	false	2581792	1212623
1246	false	2582205	1212803
1247	false	2582199	1212801
1248	false	2582205	1212805
1249	false	2582199	1212803
1250	false	2582205	1212807
1251	false	2582199	1212806
1252	false	2582205	1212810
1253	false	2582199	1212808
1254	false	2582193	1212839
1255	false	2582188	1212838
1256	false	2582188	1212851
1257	false	2582182	1212849
1258	false	2582179	1212876
1259	false	2582173	1212874
1260	false	2581646	1212748
1261	false	2581642	1212752
1262	false	2581652	1212752
1263	false	2581648	1212757
1264	false	2581657	1212757
1265	false	2581653	1212761
1266	false	2581632	1212750
1267	false	2581632	1212744
1268	false	2581684	1212792
1269	false	2581679	1212795
1270	false	2581647	1212956
1271	false	2581643	1212961
1272	false	2581639	1212929
1273	false	2581644	1212932
1274	false	2581638	1212920
1275	false	2581644	1212923
1276	false	2581668	1212951
1277	false	2581673	1212954
1278	false	2581671	1212937
1279	false	2581677	1212940
1280	false	2581713	1212872
1281	false	2581719	1212875
1282	false	2581677	1212831
1283	false	2581673	1212827
1284	true	2583298	1212094
1285	true	2583300	1212100
1286	false	2583308	1212096
1287	false	2583311	1212101
1288	true	2583315	1212092
1289	true	2583318	1212097
1290	false	2583299	1212037
1291	false	2583301	1212032
1292	false	2583457	1211914
1293	false	2583455	1211919
1294	false	2583478	1211880
1295	false	2583477	1211886
1296	false	2583486	1211884
1297	false	2583485	1211890
1298	false	2583491	1211891
1299	false	2583490	1211896
1300	true	2583515	1211908
1301	true	2583514	1211913
1302	false	2583539	1211925
1303	false	2583538	1211930
1304	true	2583581	1211948
1305	true	2583580	1211954
1306	true	2583623	1211972
1307	true	2583622	1211977
1308	true	2583660	1211992
1309	true	2583659	1211998
1310	true	2583698	1212012
1311	true	2583696	1212018
1312	true	2583405	1211945
1313	true	2583407	1211939
1314	true	2583382	1211938
1315	true	2583384	1211932
1316	true	2583469	1211961
1317	true	2583466	1211966
1318	true	2583490	1211976
1319	true	2583486	1211981
1320	true	2583753	1211992
1321	true	2583759	1211994
1322	false	2583358	1211896
1323	false	2583364	1211898
1324	false	2583370	1211871
1325	false	2583376	1211873
1326	false	2583382	1211848
1327	false	2583388	1211850
1328	false	2583394	1211825
1329	false	2583399	1211827
1330	false	2583407	1211807
1331	false	2583413	1211809
1332	false	2583338	1211921
1333	false	2583342	1211917
1334	false	2583294	1211910
1335	false	2583299	1211906
1336	false	2583251	1211898
1337	false	2583256	1211894
1338	false	2583234	1211889
1339	false	2583238	1211885
1340	false	2583217	1211877
1341	false	2583221	1211872
1342	false	2583198	1211857
1343	false	2583202	1211853
1344	false	2583180	1211836
1345	false	2583185	1211832
1346	false	2583166	1211814
1347	false	2583171	1211810
1348	false	2583141	1211773
1349	false	2583146	1211769
1350	false	2583116	1211731
1351	false	2583120	1211727
1352	false	2583091	1211690
1353	false	2583095	1211686
1354	false	2583076	1211655
1355	false	2583080	1211651
1356	true	2583530	1212009
1357	true	2583526	1212013
1358	true	2583499	1212005
1359	false	2583496	1212000
1360	false	2583490	1212017
1361	false	2583486	1212012
1362	false	2583763	1211974
1363	false	2583768	1211977
1364	false	2583772	1211988
1365	false	2583769	1211993
1366	true	2583929	1212085
1367	true	2583923	1212083
1368	false	2583954	1212060
1369	false	2583954	1212066
1370	false	2583963	1212053
1371	false	2583963	1212059
1372	true	2583883	1212077
1373	true	2583886	1212072
1374	false	2583976	1212116
1375	true	2583981	1212119
1376	false	2583953	1212164
1377	false	2583948	1212160
1378	false	2583986	1212098
1379	false	2583992	1212097
1380	true	2583998	1212105
1381	false	2583994	1212110
1382	false	2583984	1212200
1383	true	2583979	1212203
1384	false	2583994	1212208
1385	false	2583989	1212211
1386	false	2583973	1212200
1387	false	2583969	1212196
1388	false	2583969	1212204
1389	false	2583964	1212200
1390	false	2583966	1212207
1391	false	2583962	1212203
1392	false	2583981	1212243
1393	false	2583977	1212238
1394	false	2583977	1212244
1395	false	2583974	1212239
1396	false	2583078	1211603
1397	false	2583074	1211608
1398	false	2583096	1211598
1399	false	2583093	1211603
1400	false	2583109	1211598
1401	false	2583106	1211603
1402	false	2583127	1211610
1403	false	2583124	1211615
1404	false	2583146	1211633
1405	false	2583143	1211638
1406	false	2583165	1211656
1407	false	2583162	1211661
1408	false	2583198	1211688
1409	false	2583194	1211693
1410	false	2583199	1211690
1411	false	2583196	1211695
1412	false	2583220	1211717
1413	false	2583217	1211722
1414	false	2583048	1211585
1415	false	2583053	1211582
1416	false	2583031	1211552
1417	false	2583036	1211549
1418	false	2583010	1211513
1419	false	2583015	1211510
1420	false	2583007	1211508
1421	false	2583013	1211505
1422	false	2583004	1211501
1423	false	2583009	1211498
1424	false	2583008	1211474
1425	false	2583005	1211480
1426	false	2583030	1211473
1427	false	2583028	1211479
1428	false	2583074	1211480
1429	false	2583071	1211486
1430	false	2583120	1211491
1431	false	2583117	1211496
1432	false	2583160	1211498
1433	false	2583157	1211504
1434	false	2583192	1211503
1435	false	2583189	1211508
1436	false	2583224	1211508
1437	false	2583222	1211513
1438	false	2583271	1211513
1439	false	2583268	1211519
1440	false	2583317	1211527
1441	false	2583315	1211533
1442	false	2583318	1211528
1443	false	2583316	1211534
1444	false	2583321	1211530
1445	false	2583318	1211535
1446	false	2583354	1211556
1447	false	2583351	1211562
1448	false	2583391	1211589
1449	false	2583389	1211595
1450	false	2583415	1211610
1451	false	2583412	1211616
1452	false	2583438	1211631
1453	false	2583436	1211637
1454	false	2583477	1211660
1455	false	2583475	1211666
1456	false	2583516	1211690
1457	false	2583514	1211695
1458	false	2583551	1211710
1459	false	2583549	1211716
1460	false	2583566	1211719
1461	false	2583564	1211725
1462	false	2583602	1211746
1463	false	2583597	1211748
1464	false	2585484	1211302
1465	false	2585483	1211296
1466	false	2585458	1211312
1467	false	2585457	1211306
1468	false	2585434	1211320
1469	false	2585433	1211314
1470	false	2585410	1211329
1471	false	2585409	1211323
1472	false	2585381	1211345
1473	false	2585380	1211339
1474	false	2585353	1211360
1475	false	2585352	1211354
1476	false	2585323	1211382
1477	false	2585322	1211376
1478	false	2585294	1211404
1479	false	2585293	1211398
1480	false	2585264	1211426
1481	false	2585263	1211420
1482	false	2585222	1211450
1483	false	2585221	1211444
1484	false	2585195	1211459
1485	false	2585195	1211453
1486	false	2585169	1211469
1487	false	2585168	1211463
1488	false	2585128	1211480
1489	false	2585127	1211475
1490	false	2585086	1211492
1491	false	2585085	1211486
1492	false	2585045	1211504
1493	false	2585044	1211498
1494	false	2585003	1211515
1495	false	2585002	1211509
1496	false	2584960	1211527
1497	false	2584959	1211521
1498	false	2584933	1211531
1499	false	2584932	1211525
1500	false	2584906	1211535
1501	false	2584905	1211529
1502	false	2584879	1211533
1503	false	2584878	1211527
1504	false	2584852	1211532
1505	false	2584852	1211526
1506	false	2584810	1211522
1507	false	2584809	1211516
1508	true	2584766	1211502
1509	true	2584765	1211497
1510	false	2584741	1211486
1511	false	2584740	1211480
1512	false	2584715	1211470
1513	false	2584714	1211464
1514	false	2584697	1211455
1515	false	2584696	1211449
1516	true	2584674	1211439
1517	false	2584673	1211433
1518	false	2584663	1211434
1519	false	2584662	1211428
1520	false	2585528	1211326
1521	false	2585522	1211328
1522	false	2585543	1211363
1523	false	2585537	1211365
1524	false	2584652	1211422
1525	false	2584656	1211426
1526	true	2584672	1211406
1527	true	2584676	1211410
1528	false	2584704	1211380
1529	true	2584708	1211384
1530	true	2584707	1211377
1531	true	2584712	1211381
1532	true	2584724	1211361
1533	true	2584729	1211365
1534	false	2584757	1211330
1535	false	2584761	1211334
1536	true	2584789	1211299
1537	true	2584793	1211303
1538	false	2584823	1211268
1539	false	2584828	1211272
1540	true	2584858	1211236
1541	true	2584862	1211240
1542	false	2584892	1211205
1543	false	2584896	1211209
1544	false	2584877	1211174
1545	false	2584881	1211179
1546	true	2584886	1211166
1547	true	2584890	1211170
1548	false	2584894	1211160
1549	false	2584898	1211164
1550	true	2584909	1211148
1551	true	2584913	1211152
1552	true	2584936	1211127
1553	true	2584940	1211131
1554	false	2584963	1211106
1555	false	2584968	1211110
1556	false	2584990	1211085
1557	false	2584995	1211089
1558	false	2584991	1211081
1559	false	2584995	1211085
1560	false	2584641	1211438
1561	false	2584636	1211435
1562	false	2584635	1211445
1563	false	2584630	1211442
1564	true	2584619	1211462
1565	true	2584614	1211458
1566	true	2584610	1211473
1567	true	2584605	1211469
1568	true	2584587	1211501
1569	true	2584583	1211497
1570	false	2584565	1211529
1571	false	2584560	1211525
1572	true	2584557	1211539
1573	true	2584552	1211536
1574	false	2584548	1211552
1575	false	2584543	1211548
1576	true	2584548	1211552
1577	true	2584543	1211549
1578	true	2584525	1211587
1579	true	2584520	1211584
1580	false	2584507	1211613
1581	false	2584502	1211609
1582	false	2584502	1211620
1583	false	2584498	1211617
1584	false	2584479	1211656
1585	false	2584474	1211652
1586	false	2584456	1211691
1587	false	2584451	1211687
1588	false	2584431	1211728
1589	false	2584426	1211725
1590	false	2584406	1211766
1591	false	2584401	1211762
1592	false	2584381	1211803
1593	false	2584376	1211800
1594	false	2585532	1211384
1595	false	2585530	1211378
1596	false	2585548	1211375
1597	false	2585542	1211377
1598	false	2582153	1212589
1599	false	2582159	1212587
1600	false	2582144	1212586
1601	false	2582146	1212580
1602	true	2584131	1212386
1603	false	2584136	1212382
1604	true	2584150	1212400
1605	false	2584146	1212404
1606	false	2584162	1212414
1607	false	2584157	1212418
1608	true	2584190	1212445
1609	true	2584185	1212449
1610	true	2584218	1212477
1611	true	2584213	1212481
1612	false	2584144	1212349
1613	false	2584148	1212354
1614	true	2584168	1212331
1615	true	2584171	1212336
1616	true	2584261	1212484
1617	true	2584266	1212488
1618	true	2584582	1212599
1619	false	2584579	1212604
1620	false	2584571	1212573
1621	false	2584576	1212576
1622	true	2584424	1212599
1623	true	2584427	1212594
1624	true	2584455	1212593
1625	true	2584460	1212597
1626	false	2584460	1212577
1627	true	2584464	1212573
1628	false	2584474	1212580
1629	false	2584472	1212585
1630	false	2584373	1212535
1631	false	2584371	1212540
1632	false	2584365	1212546
1633	false	2584359	1212548
1634	false	2584758	1212774
1635	false	2584762	1212778
1636	false	2584775	1212757
1637	false	2584780	1212761
1638	false	2584827	1212818
1639	false	2584823	1212822
1640	false	2584864	1212852
1641	false	2584860	1212857
1642	false	2584750	1212721
1643	false	2584754	1212716
1644	false	2584716	1212690
1645	false	2584719	1212685
1646	false	2584685	1212671
1647	false	2584688	1212666
1648	false	2584654	1212651
1649	false	2584657	1212646
1650	false	2584623	1212632
1651	false	2584627	1212627
1652	false	2584879	1212831
1653	false	2584874	1212835
1654	false	2584611	1212588
1655	false	2584615	1212593
1656	false	2584877	1212852
1657	false	2584872	1212848
1658	false	2584858	1212871
1659	false	2584853	1212875
1660	false	2584982	1212964
1661	false	2584977	1212960
1662	false	2584992	1212943
1663	false	2584996	1212947
1664	false	2584953	1212961
1665	false	2584957	1212956
1666	false	2585002	1212931
1667	false	2585007	1212934
1668	false	2585012	1212944
1669	false	2585008	1212949
1670	false	2585016	1212932
1671	false	2585018	1212926
1672	false	2585010	1212917
1673	false	2585015	1212921
1674	false	2584288	1212452
1675	false	2584293	1212455
1676	false	2584283	1212455
1677	false	2584287	1212451
1678	false	2584243	1212422
1679	false	2584247	1212418
1680	true	2584242	1212434
1681	false	2584238	1212430
1682	false	2584944	1212931
1683	false	2584949	1212935
1684	false	2584530	1212418
1685	false	2584532	1212412
1686	false	2584498	1212401
1687	false	2584500	1212396
1688	true	2584466	1212385
1689	true	2584468	1212379
1690	false	2584433	1212368
1691	false	2584435	1212362
1692	false	2584400	1212352
1693	false	2584402	1212346
1694	false	2584369	1212337
1695	false	2584371	1212331
1696	false	2584349	1212329
1697	false	2584351	1212323
1698	false	2584330	1212336
1699	false	2584332	1212330
1700	false	2584308	1212339
1701	false	2584310	1212333
1702	false	2584300	1212327
1703	false	2584304	1212322
1704	true	2584267	1212305
1705	true	2584271	1212301
1706	true	2584233	1212284
1707	true	2584237	1212279
1708	false	2584210	1212262
1709	false	2584214	1212257
1710	true	2584341	1211895
1711	true	2584337	1211900
1712	true	2584321	1211881
1713	false	2584327	1211883
1714	true	2584299	1211924
1715	true	2584294	1211921
1716	true	2584371	1211887
1717	true	2584375	1211890
1718	false	2584372	1211922
1719	false	2584368	1211926
1720	true	2584400	1211948
1721	true	2584396	1211953
1722	false	2584428	1211975
1723	false	2584424	1211980
1724	true	2584336	1211858
1725	false	2584341	1211861
1726	true	2584294	1211863
1727	true	2584294	1211857
1728	true	2584304	1211953
1729	true	2584300	1211957
1730	true	2584266	1211973
1731	true	2584261	1211969
1732	true	2584244	1212002
1733	true	2584239	1211998
1734	false	2584222	1212031
1735	false	2584217	1212027
1736	false	2584318	1211763
1737	true	2584314	1211759
1738	false	2584311	1211784
1739	false	2584306	1211788
1740	false	2584283	1211752
1741	false	2584278	1211749
1742	false	2584262	1211727
1743	false	2584257	1211724
1744	false	2584241	1211702
1745	false	2584235	1211699
1746	false	2584205	1211730
1747	false	2584199	1211728
1748	false	2584169	1211759
1749	false	2584163	1211756
1750	false	2584133	1211788
1751	false	2584127	1211785
1752	false	2584097	1211816
1753	false	2584091	1211814
1754	false	2584060	1211845
1755	false	2584055	1211842
1756	false	2584088	1211878
1757	false	2584082	1211875
1758	false	2584115	1211911
1759	false	2584110	1211908
1760	false	2584142	1211944
1761	false	2584137	1211941
1762	false	2584169	1211976
1763	false	2584164	1211974
1764	false	2584174	1211982
1765	false	2584168	1211979
1766	true	2584343	1211825
1767	false	2584339	1211830
1768	true	2584321	1211833
1769	true	2584316	1211830
1770	true	2584207	1211974
1771	true	2584212	1211978
1772	false	2584202	1212016
1773	false	2584197	1212019
1774	true	2585635	1211665
1775	true	2585640	1211663
1776	false	2585662	1211654
1777	false	2585668	1211653
1778	false	2585650	1211625
1779	false	2585656	1211624
1780	false	2585637	1211596
1781	false	2585643	1211594
1782	false	2585623	1211562
1783	false	2585629	1211561
1784	false	2585609	1211528
1785	false	2585615	1211527
1786	false	2585594	1211494
1787	false	2585600	1211493
1788	false	2585580	1211462
1789	false	2585586	1211461
1790	false	2585565	1211431
1791	false	2585571	1211429
1792	false	2585560	1211418
1793	false	2585566	1211417
1794	false	2585563	1211364
1795	false	2585566	1211369
1796	false	2585721	1209905
1797	false	2585727	1209903
1798	false	2585684	1209847
1799	false	2585690	1209844
1800	false	2581634	1212385
1801	false	2581640	1212386
1802	false	2583543	1212037
1803	false	2583539	1212033
1804	false	2583549	1212028
1805	false	2583550	1212033
1806	false	2583547	1212043
1807	false	2583541	1212042
1808	false	2583538	1212053
1809	true	2583532	1212053
1810	false	2583536	1212060
1811	false	2583531	1212059
1812	true	2584177	1212325
1813	false	2584181	1212329
1814	false	2584182	1212332
1815	false	2584179	1212337
1816	false	2584426	1212470
1817	false	2584425	1212464
1818	false	2584413	1212463
1819	false	2584419	1212462
1820	true	2583968	1212289
1821	true	2583965	1212294
1822	true	2583988	1212305
1823	true	2583985	1212310
1824	false	2582024	1212818
1825	false	2582019	1212814
1826	false	2582000	1212793
1827	false	2582001	1212787
1828	false	2583786	1211986
1829	false	2583790	1211990
1830	false	2583793	1211984
1831	false	2583798	1211988
1832	false	2583796	1211981
1833	false	2583801	1211985
1834	false	2583797	1211968
1835	true	2583801	1211972
1836	false	2583783	1211998
1837	false	2583780	1212003
1838	false	2601470	1207594
1839	false	2610971	1214274
END
Arcs (A)
Source	Destination	Length
START
0	257	40
0	267	349
1	266	225
1	269	83
2	268	26
2	281	9
3	329	5
3	331	16
3	337	20
4	330	5
4	349	11
4	353	11
5	336	13
5	356	3
6	348	25
6	358	12
6	362	34
7	364	39
8	365	30
8	366	10
8	418	34
9	417	11
9	422	10
9	424	27
10	421	12
10	426	28
10	432	8
11	446	13
11	450	8
11	454	6
12	449	20
12	464	13
12	466	33
13	453	40
13	478	26
13	480	16
14	463	34
14	486	7
14	502	39
15	477	14
15	536	39
15	538	16
16	537	39
17	539	16
17	540	27
17	542	42
18	541	27
18	550	46
18	552	8
19	551	46
19	554	45
19	556	23
20	553	14
20	588	6
20	590	11
21	596	13
21	608	13
21	612	14
22	607	9
22	614	11
22	624	10
23	611	29
23	628	20
23	630	24
24	613	31
24	632	11
24	634	36
24	636	31
25	633	11
25	642	12
25	648	25
26	635	36
27	641	24
27	652	20
27	654	11
28	656	39
29	657	39
29	658	5
29	660	20
30	423	10
31	425	23
31	664	11
31	666	39
32	670	26
33	671	61
33	672	18
33	674	10
34	328	10
34	676	31
34	680	15
35	679	45
36	719	36
36	720	50
36	728	49
37	280	192
37	744	264
37	748	159
38	445	38
38	535	34
38	774	11
39	779	278
40	665	11
40	780	12
41	669	14
41	782	15
41	788	23
42	790	29
42	792	34
42	796	16
43	791	29
43	798	12
43	800	3
44	795	34
44	802	38
44	804	18
45	797	15
46	623	28
46	806	11
46	850	9
47	627	32
47	860	9
47	870	30
48	801	3
48	881	34
48	882	27
49	883	27
49	884	38
49	886	6
50	885	38
50	888	22
50	890	39
50	902	34
51	889	22
51	912	24
51	914	36
52	803	38
52	901	31
52	916	28
53	911	31
54	918	3
54	926	2
54	932	5
55	925	28
55	934	18
55	936	21
56	931	10
56	940	10
57	933	8
57	942	12
57	944	10
58	363	44
58	952	7
58	954	21
59	953	7
59	964	4
59	965	12
60	963	7
60	967	9
60	973	8
61	352	34
61	361	24
61	989	13
62	1005	60
62	1010	6
63	357	3
63	1014	45
64	431	27
64	1020	3
64	1022	16
65	1021	3
65	1026	10
66	1025	15
67	943	11
67	1028	27
67	1034	11
68	1033	11
69	1051	38
69	1052	13
69	1054	6
70	1064	7
70	1066	38
71	972	54
71	1065	7
71	1080	4
72	1079	18
73	1089	44
73	1090	19
73	1092	43
74	1091	19
74	1094	16
74	1096	24
75	1093	7
76	1095	43
76	1098	21
77	787	51
77	1100	8
78	1099	21
79	1101	8
79	1102	11
79	1104	18
80	988	53
80	1103	11
80	1106	53
81	1115	32
81	1116	22
81	1118	9
82	1122	1
82	1124	82
82	1126	71
83	1123	1
83	1128	17
83	1130	21
84	1125	57
84	1136	17
84	1138	7
85	1127	21
85	1150	21
85	1152	31
86	1135	13
86	1156	11
86	1162	41
87	966	14
87	1161	12
87	1172	7
88	1171	90
89	673	18
89	1117	22
89	1174	11
90	1121	34
90	1151	21
90	1176	29
91	1175	11
91	1178	5
91	1180	28
92	1182	5
92	1184	12
92	1186	8
93	1004	22
93	1183	5
93	1188	8
94	1185	12
94	1192	13
95	1187	41
95	1194	13
95	1196	8
96	1013	4
96	1198	14
97	1214	32
97	1222	15
98	1197	5
98	1221	6
98	1226	11
99	1225	5
100	1195	13
100	1230	9
100	1232	26
101	1229	10
102	1173	8
102	1240	47
102	1242	31
103	1241	27
104	951	19
104	1246	7
105	1259	27
106	1191	6
106	1260	5
106	1266	8
107	1265	24
107	1268	20
108	1267	9
109	1270	19
109	1272	22
110	1271	19
110	1276	19
111	1275	26
112	1269	20
112	1282	27
113	1213	85
113	1281	13
114	1283	22
115	1284	39
116	501	31
116	1289	49
116	1290	37
117	1291	37
118	1292	39
118	1312	30
118	1316	35
119	555	42
119	1311	42
119	1320	48
120	1315	37
120	1322	27
120	1332	10
121	1319	25
121	1356	26
121	1358	15
122	1321	7
122	1362	13
122	1364	12
123	587	4
123	1366	16
123	1368	21
124	589	6
124	1367	16
124	1372	41
125	1371	19
126	595	27
126	629	20
126	1374	18
126	1376	34
127	1373	33
128	1375	18
128	1378	4
128	1380	10
129	1379	4
130	1381	10
131	1377	34
132	549	11
133	631	23
133	1382	6
133	1386	8
134	647	7
134	1385	6
134	1392	29
135	1395	15
136	1391	12
137	1363	13
138	1355	43
138	1396	15
138	1414	32
139	1413	20
140	743	12
140	1423	19
140	1424	10
141	849	25
141	1461	35
141	1462	9
142	727	50
143	1464	28
143	1520	40
144	1519	14
144	1524	9
144	1560	11
145	1523	11
145	1594	15
145	1596	2
146	939	97
146	1598	2
147	781	12
147	1599	2
147	1600	12
148	659	5
149	663	39
149	1602	18
149	1604	5
150	655	29
150	1603	18
150	1612	29
151	913	24
151	1611	42
151	1616	32
152	805	18
152	1618	20
152	1620	20
153	917	28
153	1622	26
153	1624	18
154	1623	26
155	1625	18
155	1626	7
155	1628	6
156	1627	7
157	1629	6
158	887	6
158	1630	15
158	1632	17
159	1633	12
160	1634	12
161	1635	12
161	1636	13
161	1638	77
162	1637	13
162	1642	47
162	1652	122
163	1619	20
163	1651	32
163	1654	26
164	1653	9
164	1656	12
165	1641	7
165	1657	12
165	1658	18
166	1660	14
166	1662	9
167	1661	14
167	1664	21
168	1663	9
168	1666	8
168	1668	14
169	1670	8
170	1667	8
170	1671	8
170	1672	7
171	1673	17
172	915	36
173	1617	32
173	1674	10
173	1676	8
174	1675	10
175	1677	48
175	1678	4
175	1680	12
176	1679	4
177	1659	110
177	1665	21
177	1682	14
178	1684	7
179	869	16
179	1701	10
179	1702	11
180	1710	21
180	1712	2
180	1714	47
181	1711	21
181	1716	29
181	1718	19
182	1713	2
182	1724	25
182	1726	37
183	1715	21
183	1728	23
183	1730	38
184	1723	39
185	1736	21
186	1737	21
186	1738	13
186	1740	32
187	1739	37
187	1766	16
187	1768	19
188	1765	25
188	1770	32
188	1772	22
189	1774	30
189	1839	25494
190	1597	2
190	1793	43
190	1794	22
191	1795	22
192	1595	15
193	859	31
193	1735	11
193	1773	22
194	1463	9
195	1593	45
195	1725	25
195	1767	16
196	1727	20
197	1769	19
198	1331	25
199	747	348
199	1796	139
199	1838	15938
200	773	227
200	1799	90
201	1137	17
201	1800	69
202	1801	29
203	1149	19
204	1155	13
205	935	18
206	1019	14
207	1559	10
208	1681	12
209	1357	26
209	1802	8
209	1804	3
210	1803	8
211	479	26
211	1805	3
211	1806	13
212	1615	6
212	1812	6
212	1814	6
213	1813	6
214	1815	36
215	1361	5
216	485	13
217	653	20
218	1811	16
219	465	13
220	1771	32
221	1729	23
222	1717	29
223	1816	10
224	799	12
224	1817	10
224	1818	3
225	1669	14
226	1683	5
227	1655	12
228	1621	7
229	1819	3
230	1820	17
231	651	32
231	1821	17
231	1822	8
232	1823	8
233	1053	13
234	1063	20
234	1824	11
234	1826	32
235	1181	13
236	1365	9
236	1828	13
236	1836	7
237	1835	5
238	1837	32
239	1239	34
240	1709	32
241	1231	9
242	1193	13
243	675	10
244	1177	4
245	1179	5
246	1245	14
247	1027	10
248	1827	15
249	941	10
250	1825	11
251	1105	18
252	1097	10
253	1601	12
254	789	22
255	1631	15
256	1129	17
257	259	28
258	0	40
259	261	24
260	258	28
261	263	40
262	260	24
263	265	8
264	262	40
265	1	225
266	264	8
267	2	26
268	0	349
269	271	265
270	1	83
271	273	52
272	270	265
273	275	42
274	272	52
275	277	168
276	274	42
277	279	208
278	276	168
279	37	192
280	278	208
281	283	10
282	2	9
283	285	48
284	282	10
285	287	29
286	284	48
287	289	29
288	286	29
289	291	29
290	288	29
291	293	29
292	290	29
293	295	29
294	292	29
295	297	29
296	294	29
297	299	45
298	296	29
299	301	45
300	298	45
301	303	45
302	300	45
303	305	45
304	302	45
305	307	45
306	304	45
307	309	45
308	306	45
309	311	33
310	308	45
311	313	33
312	310	33
313	315	34
314	312	33
315	317	31
316	314	34
317	319	31
318	316	31
319	321	31
320	318	31
321	323	43
322	320	31
323	325	19
324	322	43
325	327	13
326	324	19
327	34	10
328	326	13
329	4	5
330	3	5
331	333	9
332	3	16
333	335	10
334	332	9
335	5	13
336	334	10
337	339	22
338	3	20
339	341	10
340	338	22
341	343	10
342	340	10
343	345	15
344	342	10
345	347	15
346	344	15
347	6	25
348	346	15
349	351	50
350	4	11
351	61	34
352	350	50
353	354	4
354	355	6
355	62	36
356	63	3
357	5	3
358	360	35
359	6	12
360	61	24
361	359	35
362	58	44
363	6	34
364	8	30
365	7	39
366	368	9
367	8	10
368	370	42
369	367	9
370	372	18
371	369	42
372	374	21
373	371	18
374	376	30
375	373	21
376	378	24
377	375	30
378	380	21
379	377	24
380	382	30
381	379	21
382	384	10
383	381	30
384	386	28
385	383	10
386	388	20
387	385	28
388	390	79
389	387	20
390	392	41
391	389	79
392	394	45
393	391	41
394	396	38
395	393	45
396	398	44
397	395	38
398	400	72
399	397	44
400	402	37
401	399	72
402	404	49
403	401	37
404	406	34
405	403	49
406	408	21
407	405	34
408	410	34
409	407	21
410	412	5
411	409	34
412	414	15
413	411	5
414	416	13
415	413	15
416	9	11
417	415	13
418	420	27
419	8	34
420	10	12
421	419	27
422	30	10
423	9	10
424	31	23
425	9	27
426	428	27
427	10	28
428	430	24
429	427	27
430	64	27
431	429	24
432	434	34
433	10	8
434	436	1
435	433	34
436	438	37
437	435	1
438	440	41
439	437	37
440	442	62
441	439	41
442	444	29
443	441	62
444	38	38
445	443	29
446	448	11
447	11	13
448	12	20
449	447	11
450	452	7
451	11	8
452	13	40
453	451	7
454	456	9
455	11	6
456	458	36
457	455	9
458	460	43
459	457	36
460	462	30
461	459	43
462	14	34
463	461	30
464	219	13
465	12	13
466	468	33
467	12	33
468	470	40
469	467	33
470	472	40
471	469	40
472	474	18
473	471	40
474	476	13
475	473	18
476	15	14
477	475	13
478	211	26
479	13	26
480	482	5
481	13	16
482	484	16
483	481	5
484	216	13
485	483	16
486	488	26
487	14	7
488	490	39
489	487	26
490	492	39
491	489	39
492	494	39
493	491	39
494	496	39
495	493	39
496	498	22
497	495	39
498	500	31
499	497	22
500	116	31
501	499	31
502	504	35
503	14	39
504	506	35
505	503	35
506	508	35
507	505	35
508	510	30
509	507	35
510	512	5
511	509	30
512	514	25
513	511	5
514	516	6
515	513	25
516	518	36
517	515	6
518	520	49
519	517	36
520	522	49
521	519	49
522	524	12
523	521	49
524	526	12
525	523	12
526	528	43
527	525	12
528	530	43
529	527	43
530	532	43
531	529	43
532	534	39
533	531	43
534	38	34
535	533	39
536	16	39
537	15	39
538	17	16
539	15	16
540	18	27
541	17	27
542	544	7
543	17	42
544	546	27
545	543	7
546	548	13
547	545	27
548	132	11
549	547	13
550	19	46
551	18	46
552	20	14
553	18	8
554	119	42
555	19	45
556	558	23
557	19	23
558	560	9
559	557	23
560	562	10
561	559	9
562	564	13
563	561	10
564	566	11
565	563	13
566	568	17
567	565	11
568	570	15
569	567	17
570	572	7
571	569	15
572	574	8
573	571	7
574	576	17
575	573	8
576	578	23
577	575	17
578	580	15
579	577	23
580	582	12
581	579	15
582	584	11
583	581	12
584	586	11
585	583	11
586	123	4
587	585	11
588	124	6
589	20	6
590	592	13
591	20	11
592	594	10
593	591	13
594	126	27
595	593	10
596	598	25
597	21	13
598	600	15
599	597	25
600	602	24
601	599	15
602	604	17
603	601	24
604	606	9
605	603	17
606	22	9
607	605	9
608	610	29
609	21	13
610	23	29
611	609	29
612	24	31
613	21	14
614	616	8
615	22	11
616	618	29
617	615	8
618	620	28
619	617	29
620	622	28
621	619	28
622	46	28
623	621	28
624	626	32
625	22	10
626	47	32
627	625	32
628	126	20
629	23	20
630	133	23
631	23	24
632	25	11
633	24	11
634	26	36
635	24	36
636	638	31
637	24	31
638	640	38
639	637	31
640	27	24
641	639	38
642	644	19
643	25	12
644	646	10
645	643	19
646	134	7
647	645	10
648	650	25
649	25	25
650	231	32
651	649	25
652	217	20
653	27	20
654	150	29
655	27	11
656	29	39
657	28	39
658	148	5
659	29	5
660	662	39
661	29	20
662	149	39
663	661	39
664	40	11
665	31	11
666	668	32
667	31	39
668	41	14
669	667	32
670	33	61
671	32	26
672	89	18
673	33	18
674	243	10
675	33	10
676	678	29
677	34	31
678	35	45
679	677	29
680	682	42
681	34	15
682	684	42
683	681	42
684	686	9
685	683	42
686	688	16
687	685	9
688	690	7
689	687	16
690	692	5
691	689	7
692	694	14
693	691	5
694	696	36
695	693	14
696	698	39
697	695	36
698	700	39
699	697	39
700	702	39
701	699	39
702	704	46
703	701	39
704	706	46
705	703	46
706	708	46
707	705	46
708	710	46
709	707	46
710	712	32
711	709	46
712	714	34
713	711	32
714	716	36
715	713	34
716	718	36
717	715	36
718	36	36
719	717	36
720	722	50
721	36	50
722	724	50
723	721	50
724	726	50
725	723	50
726	142	50
727	725	50
728	730	49
729	36	49
730	732	49
731	729	49
732	734	49
733	731	49
734	736	43
735	733	49
736	738	19
737	735	43
738	740	16
739	737	19
740	742	16
741	739	16
742	140	12
743	741	16
744	746	417
745	37	264
746	199	348
747	745	417
748	750	28
749	37	159
750	752	15
751	749	28
752	754	18
753	751	15
754	756	19
755	753	18
756	758	6
757	755	19
758	760	37
759	757	6
760	762	51
761	759	37
762	764	94
763	761	51
764	766	95
765	763	94
766	768	59
767	765	95
768	770	118
769	767	59
770	772	61
771	769	118
772	200	227
773	771	61
774	776	140
775	38	11
776	778	152
777	775	140
778	39	278
779	777	152
780	147	12
781	40	12
782	784	17
783	41	15
784	786	61
785	783	17
786	77	51
787	785	61
788	254	22
789	41	23
790	43	29
791	42	29
792	794	34
793	42	34
794	44	34
795	793	34
796	45	15
797	42	16
798	224	12
799	43	12
800	48	3
801	43	3
802	52	38
803	44	38
804	152	18
805	44	18
806	808	9
807	46	11
808	810	46
809	807	9
810	812	33
811	809	46
812	814	33
813	811	33
814	816	15
815	813	33
816	818	20
817	815	15
818	820	21
819	817	20
820	822	38
821	819	21
822	824	38
823	821	38
824	826	49
825	823	38
826	828	45
827	825	49
828	830	45
829	827	45
830	832	28
831	829	45
832	834	28
833	831	28
834	836	8
835	833	28
836	838	10
837	835	8
838	840	9
839	837	10
840	842	44
841	839	9
842	844	44
843	841	44
844	846	44
845	843	44
846	848	25
847	845	44
848	141	25
849	847	25
850	852	9
851	46	9
852	854	12
853	851	9
854	856	36
855	853	12
856	858	36
857	855	36
858	193	31
859	857	36
860	862	6
861	47	9
862	864	26
863	861	6
864	866	21
865	863	26
866	868	27
867	865	21
868	179	16
869	867	27
870	872	44
871	47	30
872	874	44
873	871	44
874	876	44
875	873	44
876	878	34
877	875	44
878	880	34
879	877	34
880	48	34
881	879	34
882	49	27
883	48	27
884	50	38
885	49	38
886	158	6
887	49	6
888	51	22
889	50	22
890	892	33
891	50	39
892	894	33
893	891	33
894	896	46
895	893	33
896	898	46
897	895	46
898	900	31
899	897	46
900	52	31
901	899	31
902	904	28
903	50	34
904	906	6
905	903	28
906	908	6
907	905	6
908	910	31
909	907	6
910	53	31
911	909	31
912	151	24
913	51	24
914	172	36
915	51	36
916	153	28
917	52	28
918	920	3
919	54	3
920	922	3
921	919	3
922	924	43
923	921	3
924	55	28
925	923	43
926	928	3
927	54	2
928	930	4
929	927	3
930	56	10
931	929	4
932	57	8
933	54	5
934	205	18
935	55	18
936	938	25
937	55	21
938	146	97
939	937	25
940	249	10
941	56	10
942	67	11
943	57	12
944	946	19
945	57	10
946	948	20
947	945	19
948	950	17
949	947	20
950	104	19
951	949	17
952	59	7
953	58	7
954	956	18
955	58	21
956	958	9
957	955	18
958	960	9
959	957	9
960	962	8
961	959	9
962	60	7
963	961	8
964	97	33
965	87	14
966	59	12
967	969	12
968	60	9
969	971	15
970	968	12
971	71	54
972	970	15
973	975	8
974	60	8
975	977	39
976	974	8
977	979	63
978	976	39
979	981	9
980	978	63
981	983	9
982	980	9
983	985	25
984	982	9
985	987	14
986	984	25
987	80	53
988	986	14
989	991	13
990	61	13
991	993	15
992	990	13
993	995	17
994	992	15
995	997	14
996	994	17
997	999	12
998	996	14
999	1001	55
1000	998	12
1001	1003	31
1002	1000	55
1003	93	22
1004	1002	31
1005	1006	3
1006	1007	5
1007	1008	8
1008	1009	13
1009	61	10
1010	1012	6
1011	62	6
1012	96	4
1013	1011	6
1014	1016	73
1015	63	45
1016	1018	6
1017	1015	73
1018	206	14
1019	1017	6
1020	65	3
1021	64	3
1022	1024	15
1023	64	16
1024	66	15
1025	1023	15
1026	247	10
1027	65	10
1028	1030	34
1029	67	27
1030	1032	36
1031	1029	34
1032	68	11
1033	1031	36
1034	1036	4
1035	67	11
1036	1038	3
1037	1035	4
1038	1040	2
1039	1037	3
1040	1042	11
1041	1039	2
1042	1044	2
1043	1041	11
1044	1046	2
1045	1043	2
1046	1048	2
1047	1045	2
1048	1050	3
1049	1047	2
1050	69	38
1051	1049	3
1052	233	13
1053	69	13
1054	1056	2
1055	69	6
1056	1058	2
1057	1055	2
1058	1060	2
1059	1057	2
1060	1062	3
1061	1059	2
1062	234	20
1063	1061	3
1064	71	7
1065	70	7
1066	1068	5
1067	70	38
1068	1070	12
1069	1067	5
1070	1072	10
1071	1069	12
1072	1074	4
1073	1071	10
1074	1076	11
1075	1073	4
1076	1078	7
1077	1075	11
1078	72	18
1079	1077	7
1080	1082	5
1081	71	4
1082	1084	5
1083	1081	5
1084	1086	4
1085	1083	5
1086	1088	23
1087	1085	4
1088	73	44
1089	1087	23
1090	74	19
1091	73	19
1092	75	7
1093	73	43
1094	76	43
1095	74	16
1096	252	10
1097	74	24
1098	78	21
1099	76	21
1100	79	8
1101	77	8
1102	80	11
1103	79	11
1104	251	18
1105	79	18
1106	1108	10
1107	80	53
1108	1110	24
1109	1107	10
1110	1112	38
1111	1109	24
1112	1114	29
1113	1111	38
1114	81	32
1115	1113	29
1116	89	22
1117	81	22
1118	1120	14
1119	81	9
1120	90	34
1121	1119	14
1122	83	1
1123	82	1
1124	84	57
1125	82	82
1126	85	21
1127	82	71
1128	256	17
1129	83	17
1130	1132	17
1131	83	21
1132	1134	29
1133	1131	17
1134	86	13
1135	1133	29
1136	201	17
1137	84	17
1138	1140	5
1139	84	7
1140	1142	5
1141	1139	5
1142	1144	7
1143	1141	5
1144	1146	25
1145	1143	7
1146	1148	16
1147	1145	25
1148	203	19
1149	1147	16
1150	90	21
1151	85	21
1152	1154	6
1153	85	31
1154	204	13
1155	1153	6
1156	1158	31
1157	86	11
1158	1160	14
1159	1157	31
1160	87	12
1161	1159	14
1162	1164	33
1163	86	41
1164	1166	13
1165	1163	33
1166	1168	14
1167	1165	13
1168	1170	28
1169	1167	14
1170	88	90
1171	1169	28
1172	102	8
1173	87	7
1174	91	11
1175	89	11
1176	244	4
1177	90	29
1178	245	5
1179	91	5
1180	235	13
1181	91	28
1182	93	5
1183	92	5
1184	94	12
1185	92	12
1186	95	41
1187	92	8
1188	1190	4
1189	93	8
1190	106	6
1191	1189	4
1192	242	13
1193	94	13
1194	100	13
1195	95	13
1196	98	5
1197	95	8
1198	1200	4
1199	96	14
1200	1202	5
1201	1199	4
1202	1204	9
1203	1201	5
1204	1206	10
1205	1203	9
1206	1208	3
1207	1205	10
1208	1210	4
1209	1207	3
1210	1212	4
1211	1209	4
1212	113	85
1213	1211	4
1214	1216	3
1215	97	32
1216	1218	25
1217	1215	3
1218	1220	25
1219	1217	25
1220	98	6
1221	1219	25
1222	1224	8
1223	97	15
1224	99	5
1225	1223	8
1226	1228	7
1227	98	11
1228	101	10
1229	1227	7
1230	241	9
1231	100	9
1232	1234	11
1233	100	26
1234	1236	8
1235	1233	11
1236	1238	3
1237	1235	8
1238	239	34
1239	1237	3
1240	103	27
1241	102	47
1242	1244	35
1243	102	31
1244	246	14
1245	1243	35
1246	1248	2
1247	104	7
1248	1250	2
1249	1247	2
1250	1252	3
1251	1249	2
1252	1254	32
1253	1251	3
1254	1256	13
1255	1253	32
1256	1258	27
1257	1255	13
1258	105	27
1259	1257	27
1260	1262	8
1261	106	5
1262	1264	6
1263	1261	8
1264	107	24
1265	1263	6
1266	108	9
1267	106	8
1268	112	20
1269	107	20
1270	110	19
1271	109	19
1272	1274	9
1273	109	22
1274	111	26
1275	1273	9
1276	1278	15
1277	110	19
1278	1280	77
1279	1277	15
1280	113	13
1281	1279	77
1282	114	22
1283	112	27
1284	1286	10
1285	115	39
1286	1288	9
1287	1285	10
1288	116	49
1289	1287	9
1290	117	37
1291	116	37
1292	1294	39
1293	118	39
1294	1296	9
1295	1293	39
1296	1298	8
1297	1295	9
1298	1300	29
1299	1297	8
1300	1302	29
1301	1299	29
1302	1304	48
1303	1301	29
1304	1306	48
1305	1303	48
1306	1308	42
1307	1305	48
1308	1310	42
1309	1307	42
1310	119	42
1311	1309	42
1312	1314	24
1313	118	30
1314	120	37
1315	1313	24
1316	1318	25
1317	118	35
1318	121	25
1319	1317	25
1320	122	7
1321	119	48
1322	1324	27
1323	120	27
1324	1326	26
1325	1323	27
1326	1328	26
1327	1325	26
1328	1330	22
1329	1327	26
1330	198	25
1331	1329	22
1332	1334	45
1333	120	10
1334	1336	45
1335	1333	45
1336	1338	20
1337	1335	45
1338	1340	21
1339	1337	20
1340	1342	27
1341	1339	21
1342	1344	27
1343	1341	27
1344	1346	26
1345	1343	27
1346	1348	49
1347	1345	26
1348	1350	49
1349	1347	49
1350	1352	49
1351	1349	49
1352	1354	38
1353	1351	49
1354	138	43
1355	1353	38
1356	209	26
1357	121	26
1358	1360	15
1359	121	15
1360	215	5
1361	1359	15
1362	137	13
1363	122	13
1364	236	9
1365	122	12
1366	124	16
1367	123	16
1368	1370	12
1369	123	21
1370	125	19
1371	1369	12
1372	127	33
1373	124	41
1374	128	18
1375	126	18
1376	131	34
1377	126	34
1378	129	4
1379	128	4
1380	130	10
1381	128	10
1382	1384	13
1383	133	6
1384	134	6
1385	1383	13
1386	1388	6
1387	133	8
1388	1390	4
1389	1387	6
1390	136	12
1391	1389	4
1392	1394	3
1393	134	29
1394	135	15
1395	1393	3
1396	1398	19
1397	138	15
1398	1400	13
1399	1397	19
1400	1402	22
1401	1399	13
1402	1404	30
1403	1401	22
1404	1406	30
1405	1403	30
1406	1408	46
1407	1405	30
1408	1410	2
1409	1407	46
1410	1412	34
1411	1409	2
1412	139	20
1413	1411	34
1414	1416	37
1415	138	32
1416	1418	44
1417	1415	37
1418	1420	6
1419	1417	44
1420	1422	8
1421	1419	6
1422	140	19
1423	1421	8
1424	1426	23
1425	140	10
1426	1428	44
1427	1425	23
1428	1430	47
1429	1427	44
1430	1432	41
1431	1429	47
1432	1434	33
1433	1431	41
1434	1436	33
1435	1433	33
1436	1438	47
1437	1435	33
1438	1440	49
1439	1437	47
1440	1442	1
1441	1439	49
1442	1444	3
1443	1441	1
1444	1446	42
1445	1443	3
1446	1448	50
1447	1445	42
1448	1450	32
1449	1447	50
1450	1452	32
1451	1449	32
1452	1454	49
1453	1451	32
1454	1456	49
1455	1453	49
1456	1458	41
1457	1455	49
1458	1460	17
1459	1457	41
1460	141	35
1461	1459	17
1462	194	9
1463	141	9
1464	1466	28
1465	143	28
1466	1468	26
1467	1465	28
1468	1470	26
1469	1467	26
1470	1472	33
1471	1469	26
1472	1474	33
1473	1471	33
1474	1476	37
1475	1473	33
1476	1478	37
1477	1475	37
1478	1480	37
1479	1477	37
1480	1482	49
1481	1479	37
1482	1484	28
1483	1481	49
1484	1486	28
1485	1483	28
1486	1488	43
1487	1485	28
1488	1490	43
1489	1487	43
1490	1492	43
1491	1489	43
1492	1494	44
1493	1491	43
1494	1496	44
1495	1493	44
1496	1498	28
1497	1495	44
1498	1500	28
1499	1497	28
1500	1502	27
1501	1499	28
1502	1504	27
1503	1501	27
1504	1506	44
1505	1503	27
1506	1508	48
1507	1505	44
1508	1510	30
1509	1507	48
1510	1512	30
1511	1509	30
1512	1514	23
1513	1511	30
1514	1516	28
1515	1513	23
1516	1518	13
1517	1515	28
1518	144	14
1519	1517	13
1520	1522	40
1521	143	40
1522	145	11
1523	1521	40
1524	1526	25
1525	144	9
1526	1528	41
1527	1525	25
1528	1530	5
1529	1527	41
1530	1532	24
1531	1529	5
1532	1534	45
1533	1531	24
1534	1536	45
1535	1533	45
1536	1538	47
1537	1535	45
1538	1540	47
1539	1537	47
1540	1542	47
1541	1539	47
1542	1544	34
1543	1541	47
1544	1546	12
1545	1543	34
1546	1548	10
1547	1545	12
1548	1550	19
1549	1547	10
1550	1552	34
1551	1549	19
1552	1554	34
1553	1551	34
1554	1556	34
1555	1553	34
1556	1558	4
1557	1555	34
1558	207	10
1559	1557	4
1560	1562	9
1561	144	11
1562	1564	23
1563	1561	9
1564	1566	14
1565	1563	23
1566	1568	36
1567	1565	14
1568	1570	36
1569	1567	36
1570	1572	13
1571	1569	36
1572	1574	15
1573	1571	13
1574	1576	0
1575	1573	15
1576	1578	42
1577	1575	0
1578	1580	31
1579	1577	42
1580	1582	9
1581	1579	31
1582	1584	42
1583	1581	9
1584	1586	42
1585	1583	42
1586	1588	45
1587	1585	42
1588	1590	45
1589	1587	45
1590	1592	45
1591	1589	45
1592	195	45
1593	1591	45
1594	192	15
1595	145	15
1596	190	2
1597	145	2
1598	147	2
1599	146	2
1600	253	12
1601	147	12
1602	150	18
1603	149	18
1604	1606	18
1605	149	5
1606	1608	42
1607	1605	18
1608	1610	42
1609	1607	42
1610	151	42
1611	1609	42
1612	1614	29
1613	150	29
1614	212	6
1615	1613	29
1616	173	32
1617	151	32
1618	163	20
1619	152	20
1620	228	7
1621	152	20
1622	154	26
1623	153	26
1624	155	18
1625	153	18
1626	156	7
1627	155	7
1628	157	6
1629	155	6
1630	255	15
1631	158	15
1632	159	12
1633	158	17
1634	161	12
1635	160	12
1636	162	13
1637	161	13
1638	1640	50
1639	161	77
1640	165	7
1641	1639	50
1642	1644	47
1643	162	47
1644	1646	36
1645	1643	47
1646	1648	36
1647	1645	36
1648	1650	36
1649	1647	36
1650	163	32
1651	1649	36
1652	164	9
1653	162	122
1654	227	12
1655	163	26
1656	165	12
1657	164	12
1658	177	110
1659	165	18
1660	167	14
1661	166	14
1662	168	9
1663	166	9
1664	177	21
1665	167	21
1666	170	8
1667	168	8
1668	225	14
1669	168	14
1670	170	8
1671	169	8
1672	171	17
1673	170	7
1674	174	10
1675	173	10
1676	175	48
1677	173	8
1678	176	4
1679	175	4
1680	208	12
1681	175	12
1682	226	5
1683	177	14
1684	1686	36
1685	178	7
1686	1688	36
1687	1685	36
1688	1690	36
1689	1687	36
1690	1692	37
1691	1689	36
1692	1694	34
1693	1691	37
1694	1696	21
1695	1693	34
1696	1698	20
1697	1695	21
1698	1700	23
1699	1697	20
1700	179	10
1701	1699	23
1702	1704	40
1703	179	11
1704	1706	40
1705	1703	40
1706	1708	32
1707	1705	40
1708	240	32
1709	1707	32
1710	181	21
1711	180	21
1712	182	2
1713	180	2
1714	183	21
1715	180	47
1716	222	29
1717	181	29
1718	1720	39
1719	181	19
1720	1722	39
1721	1719	39
1722	184	39
1723	1721	39
1724	195	25
1725	182	25
1726	196	20
1727	182	37
1728	221	23
1729	183	23
1730	1732	36
1731	183	38
1732	1734	36
1733	1731	36
1734	193	11
1735	1733	36
1736	186	21
1737	185	21
1738	187	37
1739	186	13
1740	1742	33
1741	186	32
1742	1744	33
1743	1741	33
1744	1746	46
1745	1743	33
1746	1748	46
1747	1745	46
1748	1750	46
1749	1747	46
1750	1752	46
1751	1749	46
1752	1754	46
1753	1751	46
1754	1756	43
1755	1753	46
1756	1758	43
1757	1755	43
1758	1760	43
1759	1757	43
1760	1762	43
1761	1759	43
1762	1764	7
1763	1761	43
1764	188	25
1765	1763	7
1766	195	16
1767	187	16
1768	197	19
1769	187	19
1770	220	32
1771	188	32
1772	193	22
1773	188	22
1774	1776	30
1775	189	30
1776	1778	32
1777	1775	30
1778	1780	32
1779	1777	32
1780	1782	37
1781	1779	32
1782	1784	37
1783	1781	37
1784	1786	37
1785	1783	37
1786	1788	35
1787	1785	37
1788	1790	35
1789	1787	35
1790	1792	14
1791	1789	35
1792	190	43
1793	1791	14
1794	191	22
1795	190	22
1796	1798	69
1797	199	139
1798	200	90
1799	1797	69
1800	202	29
1801	201	69
1802	210	8
1803	209	8
1804	211	3
1805	209	3
1806	1808	14
1807	211	13
1808	1810	7
1809	1807	14
1810	218	16
1811	1809	7
1812	213	6
1813	212	6
1814	214	36
1815	212	6
1816	224	10
1817	223	10
1818	229	3
1819	224	3
1820	231	17
1821	230	17
1822	232	8
1823	231	8
1824	250	11
1825	234	11
1826	248	15
1827	234	32
1828	1830	8
1829	236	13
1830	1832	4
1831	1829	8
1832	1834	13
1833	1831	4
1834	237	5
1835	1833	13
1836	238	32
1837	236	7
1838	199	15938
1839	189	25494
END
DemandNodes (W)
Index	Waste	OrderedAcceptableCandidateLocations
START
13	6	[13]
19	24	[19]
23	12	[23]
29	8	[29]
44	4	[44]
45	9	[45]
52	3	[52]
115	10	[115]
118	3	[118]
119	4	[119]
123	4	[123]
127	9	[127]
129	4	[129]
131	10	[131]
132	3	[132]
135	2	[135]
136	2	[136]
137	2	[137]
151	9	[151]
154	9	[154]
156	6	[156]
159	4	[159]
174	9	[174]
176	8	[176]
181	3	[181]
182	4	[182]
183	3	[183]
187	14	[187]
195	4	[195]
207	4	[207]
210	4	[210]
213	8	[213]
214	3	[214]
217	10	[217]
219	2	[219]
221	4	[221]
222	4	[222]
223	10	[223]
227	78	[227]
228	3	[228]
238	6	[238]
446	4	[446]
464	2	[464]
469	3	[469, 468]
470	3	[470, 471]
472	4	[472, 473]
473	14	[473, 472]
480	4	[480]
485	4	[485]
491	9	[491, 490]
492	10	[492, 493]
494	9	[494, 495]
496	10	[496, 497]
500	8	[500, 501]
515	4	[515]
537	14	[537, 536]
538	6	[538, 539]
539	10	[539, 538]
551	6	[551, 550]
555	3	[555, 554]
557	8	[557]
561	4	[561]
564	9	[564]
570	4	[570]
576	10	[576]
596	14	[596]
600	26	[600]
602	6	[602, 603]
610	15	[610, 611]
622	24	[622, 623]
626	12	[626, 627]
627	8	[627, 626]
628	10	[628]
637	3	[637, 636]
639	9	[639, 638]
640	9	[640, 641]
641	12	[641, 640]
645	3	[645, 644]
654	4	[654, 655]
655	14	[655, 654]
656	9	[656, 657]
657	15	[657, 656]
660	2	[660, 661]
662	21	[662, 663]
791	10	[791, 790]
795	8	[795, 794]
803	12	[803, 802]
808	14	[808, 809]
813	4	[813, 812]
872	4	[872, 873]
873	9	[873, 872]
875	8	[875, 874]
876	9	[876, 877]
877	6	[877, 876]
878	6	[878, 879]
890	12	[890, 891]
891	4	[891, 890]
892	12	[892, 893]
893	6	[893, 892]
894	9	[894, 895]
895	12	[895, 894]
896	3	[896, 897]
897	9	[897, 896]
899	16	[899, 898]
901	3	[901, 900]
905	8	[905]
911	8	[911, 910]
912	8	[912, 913]
913	8	[913, 912]
914	8	[914, 915]
916	4	[916, 917]
917	8	[917, 916]
1284	4	[1284, 1285]
1285	3	[1285, 1284]
1288	3	[1288, 1289]
1289	3	[1289, 1288]
1300	12	[1300, 1301]
1304	10	[1304, 1305]
1305	3	[1305, 1304]
1307	6	[1307, 1306]
1309	21	[1309, 1308]
1310	10	[1310, 1311]
1312	4	[1312, 1313]
1314	4	[1314, 1315]
1315	4	[1315, 1314]
1317	2	[1317, 1316]
1318	4	[1318, 1319]
1320	4	[1320, 1321]
1321	4	[1321, 1320]
1356	4	[1356, 1357]
1358	3	[1358]
1366	16	[1366, 1367]
1367	4	[1367, 1366]
1372	9	[1372, 1373]
1375	10	[1375]
1380	33	[1380]
1383	3	[1383]
1508	14	[1508, 1509]
1516	2	[1516]
1526	15	[1526, 1527]
1527	2	[1527, 1526]
1529	10	[1529]
1530	9	[1530, 1531]
1533	4	[1533, 1532]
1536	4	[1536, 1537]
1541	9	[1541, 1540]
1546	4	[1546, 1547]
1551	4	[1551, 1550]
1553	3	[1553, 1552]
1565	2	[1565, 1564]
1567	10	[1567, 1566]
1568	8	[1568, 1569]
1569	21	[1569, 1568]
1572	6	[1572, 1573]
1573	8	[1573, 1572]
1577	6	[1577, 1576]
1578	6	[1578, 1579]
1579	8	[1579, 1578]
1602	10	[1602]
1604	10	[1604]
1608	16	[1608, 1609]
1610	3	[1610, 1611]
1614	4	[1614, 1615]
1615	4	[1615, 1614]
1616	6	[1616, 1617]
1617	3	[1617, 1616]
1618	4	[1618]
1622	9	[1622, 1623]
1624	3	[1624, 1625]
1625	8	[1625, 1624]
1627	3	[1627]
1680	6	[1680]
1689	4	[1689, 1688]
1704	10	[1704, 1705]
1706	8	[1706, 1707]
1710	6	[1710, 1711]
1711	3	[1711, 1710]
1712	6	[1712]
1715	10	[1715, 1714]
1717	6	[1717, 1716]
1720	9	[1720, 1721]
1724	4	[1724]
1727	4	[1727, 1726]
1728	6	[1728, 1729]
1729	3	[1729, 1728]
1731	2	[1731, 1730]
1733	3	[1733, 1732]
1737	9	[1737]
1766	4	[1766]
1768	4	[1768, 1769]
1769	3	[1769, 1768]
1770	12	[1770, 1771]
1774	6	[1774, 1775]
1809	4	[1809]
1812	4	[1812]
1820	3	[1820, 1821]
1821	6	[1821, 1820]
1822	16	[1822, 1823]
1823	3	[1823, 1822]
1835	4	[1835]
END
